
Matriz A (h=2048, w=2048) - até 256 elementos (ordem coluna):
2.00 2.00 2.00 2.00 2.00 2.00 2.00 2.00 2.00 2.00 2.00 2.00 2.00 2.00 2.00 2.00 2.00 2.00 2.00 2.00 2.00 2.00 2.00 2.00 2.00 2.00 2.00 2.00 2.00 2.00 2.00 2.00 2.00 2.00 2.00 2.00 2.00 2.00 2.00 2.00 2.00 2.00 2.00 2.00 2.00 2.00 2.00 2.00 2.00 2.00 2.00 2.00 2.00 2.00 2.00 2.00 2.00 2.00 2.00 2.00 2.00 2.00 2.00 2.00 2.00 2.00 2.00 2.00 2.00 2.00 2.00 2.00 2.00 2.00 2.00 2.00 2.00 2.00 2.00 2.00 2.00 2.00 2.00 2.00 2.00 2.00 2.00 2.00 2.00 2.00 2.00 2.00 2.00 2.00 2.00 2.00 2.00 2.00 2.00 2.00 2.00 2.00 2.00 2.00 2.00 2.00 2.00 2.00 2.00 2.00 2.00 2.00 2.00 2.00 2.00 2.00 2.00 2.00 2.00 2.00 2.00 2.00 2.00 2.00 2.00 2.00 2.00 2.00 2.00 2.00 2.00 2.00 2.00 2.00 2.00 2.00 2.00 2.00 2.00 2.00 2.00 2.00 2.00 2.00 2.00 2.00 2.00 2.00 2.00 2.00 2.00 2.00 2.00 2.00 2.00 2.00 2.00 2.00 2.00 2.00 2.00 2.00 2.00 2.00 2.00 2.00 2.00 2.00 2.00 2.00 2.00 2.00 2.00 2.00 2.00 2.00 2.00 2.00 2.00 2.00 2.00 2.00 2.00 2.00 2.00 2.00 2.00 2.00 2.00 2.00 2.00 2.00 2.00 2.00 2.00 2.00 2.00 2.00 2.00 2.00 2.00 2.00 2.00 2.00 2.00 2.00 2.00 2.00 2.00 2.00 2.00 2.00 2.00 2.00 2.00 2.00 2.00 2.00 2.00 2.00 2.00 2.00 2.00 2.00 2.00 2.00 2.00 2.00 2.00 2.00 2.00 2.00 2.00 2.00 2.00 2.00 2.00 2.00 2.00 2.00 2.00 2.00 2.00 2.00 2.00 2.00 2.00 2.00 2.00 2.00 2.00 2.00 2.00 2.00 2.00 2.00 

Matriz B (h=2048, w=2048) - até 256 elementos (ordem coluna):
5.00 5.00 5.00 5.00 5.00 5.00 5.00 5.00 5.00 5.00 5.00 5.00 5.00 5.00 5.00 5.00 5.00 5.00 5.00 5.00 5.00 5.00 5.00 5.00 5.00 5.00 5.00 5.00 5.00 5.00 5.00 5.00 5.00 5.00 5.00 5.00 5.00 5.00 5.00 5.00 5.00 5.00 5.00 5.00 5.00 5.00 5.00 5.00 5.00 5.00 5.00 5.00 5.00 5.00 5.00 5.00 5.00 5.00 5.00 5.00 5.00 5.00 5.00 5.00 5.00 5.00 5.00 5.00 5.00 5.00 5.00 5.00 5.00 5.00 5.00 5.00 5.00 5.00 5.00 5.00 5.00 5.00 5.00 5.00 5.00 5.00 5.00 5.00 5.00 5.00 5.00 5.00 5.00 5.00 5.00 5.00 5.00 5.00 5.00 5.00 5.00 5.00 5.00 5.00 5.00 5.00 5.00 5.00 5.00 5.00 5.00 5.00 5.00 5.00 5.00 5.00 5.00 5.00 5.00 5.00 5.00 5.00 5.00 5.00 5.00 5.00 5.00 5.00 5.00 5.00 5.00 5.00 5.00 5.00 5.00 5.00 5.00 5.00 5.00 5.00 5.00 5.00 5.00 5.00 5.00 5.00 5.00 5.00 5.00 5.00 5.00 5.00 5.00 5.00 5.00 5.00 5.00 5.00 5.00 5.00 5.00 5.00 5.00 5.00 5.00 5.00 5.00 5.00 5.00 5.00 5.00 5.00 5.00 5.00 5.00 5.00 5.00 5.00 5.00 5.00 5.00 5.00 5.00 5.00 5.00 5.00 5.00 5.00 5.00 5.00 5.00 5.00 5.00 5.00 5.00 5.00 5.00 5.00 5.00 5.00 5.00 5.00 5.00 5.00 5.00 5.00 5.00 5.00 5.00 5.00 5.00 5.00 5.00 5.00 5.00 5.00 5.00 5.00 5.00 5.00 5.00 5.00 5.00 5.00 5.00 5.00 5.00 5.00 5.00 5.00 5.00 5.00 5.00 5.00 5.00 5.00 5.00 5.00 5.00 5.00 5.00 5.00 5.00 5.00 5.00 5.00 5.00 5.00 5.00 5.00 5.00 5.00 5.00 5.00 5.00 5.00 

Tempo da scalarMatrixMult: 9.155 ms

Matriz A dps da multiplicacao escalar por 2.00:
 (h=2048, w=2048) - até 256 elementos (ordem coluna):
4.00 4.00 4.00 4.00 4.00 4.00 4.00 4.00 4.00 4.00 4.00 4.00 4.00 4.00 4.00 4.00 4.00 4.00 4.00 4.00 4.00 4.00 4.00 4.00 4.00 4.00 4.00 4.00 4.00 4.00 4.00 4.00 4.00 4.00 4.00 4.00 4.00 4.00 4.00 4.00 4.00 4.00 4.00 4.00 4.00 4.00 4.00 4.00 4.00 4.00 4.00 4.00 4.00 4.00 4.00 4.00 4.00 4.00 4.00 4.00 4.00 4.00 4.00 4.00 4.00 4.00 4.00 4.00 4.00 4.00 4.00 4.00 4.00 4.00 4.00 4.00 4.00 4.00 4.00 4.00 4.00 4.00 4.00 4.00 4.00 4.00 4.00 4.00 4.00 4.00 4.00 4.00 4.00 4.00 4.00 4.00 4.00 4.00 4.00 4.00 4.00 4.00 4.00 4.00 4.00 4.00 4.00 4.00 4.00 4.00 4.00 4.00 4.00 4.00 4.00 4.00 4.00 4.00 4.00 4.00 4.00 4.00 4.00 4.00 4.00 4.00 4.00 4.00 4.00 4.00 4.00 4.00 4.00 4.00 4.00 4.00 4.00 4.00 4.00 4.00 4.00 4.00 4.00 4.00 4.00 4.00 4.00 4.00 4.00 4.00 4.00 4.00 4.00 4.00 4.00 4.00 4.00 4.00 4.00 4.00 4.00 4.00 4.00 4.00 4.00 4.00 4.00 4.00 4.00 4.00 4.00 4.00 4.00 4.00 4.00 4.00 4.00 4.00 4.00 4.00 4.00 4.00 4.00 4.00 4.00 4.00 4.00 4.00 4.00 4.00 4.00 4.00 4.00 4.00 4.00 4.00 4.00 4.00 4.00 4.00 4.00 4.00 4.00 4.00 4.00 4.00 4.00 4.00 4.00 4.00 4.00 4.00 4.00 4.00 4.00 4.00 4.00 4.00 4.00 4.00 4.00 4.00 4.00 4.00 4.00 4.00 4.00 4.00 4.00 4.00 4.00 4.00 4.00 4.00 4.00 4.00 4.00 4.00 4.00 4.00 4.00 4.00 4.00 4.00 4.00 4.00 4.00 4.00 4.00 4.00 4.00 4.00 4.00 4.00 4.00 4.00 

Tempo da matrixMatrixMult: 34846.336 ms

Matriz C dps de multiplicar A e B (h=2048, w=2048) - até 256 elementos (ordem coluna):
40960.00 40960.00 40960.00 40960.00 40960.00 40960.00 40960.00 40960.00 40960.00 40960.00 40960.00 40960.00 40960.00 40960.00 40960.00 40960.00 40960.00 40960.00 40960.00 40960.00 40960.00 40960.00 40960.00 40960.00 40960.00 40960.00 40960.00 40960.00 40960.00 40960.00 40960.00 40960.00 40960.00 40960.00 40960.00 40960.00 40960.00 40960.00 40960.00 40960.00 40960.00 40960.00 40960.00 40960.00 40960.00 40960.00 40960.00 40960.00 40960.00 40960.00 40960.00 40960.00 40960.00 40960.00 40960.00 40960.00 40960.00 40960.00 40960.00 40960.00 40960.00 40960.00 40960.00 40960.00 40960.00 40960.00 40960.00 40960.00 40960.00 40960.00 40960.00 40960.00 40960.00 40960.00 40960.00 40960.00 40960.00 40960.00 40960.00 40960.00 40960.00 40960.00 40960.00 40960.00 40960.00 40960.00 40960.00 40960.00 40960.00 40960.00 40960.00 40960.00 40960.00 40960.00 40960.00 40960.00 40960.00 40960.00 40960.00 40960.00 40960.00 40960.00 40960.00 40960.00 40960.00 40960.00 40960.00 40960.00 40960.00 40960.00 40960.00 40960.00 40960.00 40960.00 40960.00 40960.00 40960.00 40960.00 40960.00 40960.00 40960.00 40960.00 40960.00 40960.00 40960.00 40960.00 40960.00 40960.00 40960.00 40960.00 40960.00 40960.00 40960.00 40960.00 40960.00 40960.00 40960.00 40960.00 40960.00 40960.00 40960.00 40960.00 40960.00 40960.00 40960.00 40960.00 40960.00 40960.00 40960.00 40960.00 40960.00 40960.00 40960.00 40960.00 40960.00 40960.00 40960.00 40960.00 40960.00 40960.00 40960.00 40960.00 40960.00 40960.00 40960.00 40960.00 40960.00 40960.00 40960.00 40960.00 40960.00 40960.00 40960.00 40960.00 40960.00 40960.00 40960.00 40960.00 40960.00 40960.00 40960.00 40960.00 40960.00 40960.00 40960.00 40960.00 40960.00 40960.00 40960.00 40960.00 40960.00 40960.00 40960.00 40960.00 40960.00 40960.00 40960.00 40960.00 40960.00 40960.00 40960.00 40960.00 40960.00 40960.00 40960.00 40960.00 40960.00 40960.00 40960.00 40960.00 40960.00 40960.00 40960.00 40960.00 40960.00 40960.00 40960.00 40960.00 40960.00 40960.00 40960.00 40960.00 40960.00 40960.00 40960.00 40960.00 40960.00 40960.00 40960.00 40960.00 40960.00 40960.00 40960.00 40960.00 40960.00 40960.00 40960.00 40960.00 40960.00 40960.00 40960.00 40960.00 40960.00 40960.00 40960.00 40960.00 40960.00 40960.00 40960.00 40960.00 40960.00 40960.00 40960.00 40960.00 40960.00 40960.00 

CPU Model: Apple M2

Tempo total do programa: 34952.195 ms
