-----Dante 2321406---- OBS: No meu computador rodou lento por ter uma qtd de cores per socket e threads per core baixa (meu notebook tem mais de 7 anos), mas no codigo da Maria Laura é possivel observar o aumento da velocidade de execucao de quase 90% em contraste com o trabalho anterior. A partir do proximo trabalho vou utilizar maquinas virtuais ou os PCs da PUC (nao usei para esse pois estava comparando com os resultados do trabalho anterior)

Saída para matrizes 2028x2048:
gcc -std=c11 -pthread -mfma -o matrix_lib_test matrix_lib_test.c matrix_lib.c timer.c

./matrix_lib_test 5.0 2048 2048 2048 2048 4 floats_256_2.0f.dat floats_256_5.0f.dat result1.dat result2.dat


****Info do Processador****
Processador:                            Intel(R) Core(TM) i3-6006U CPU @ 2.00GHz
Thread(s) per core:                    2
Core(s) per socket:                    2
Architecture:                          x86_64

(Matriz C zerada 2048 X 2048) até 256 elementos:
0.00 0.00 0.00 0.00 0.00 0.00 0.00 0.00 0.00 0.00 0.00 0.00 0.00 0.00 0.00 0.00 0.00 0.00 0.00 0.00 0.00 0.00 0.00 0.00 0.00 0.00 0.00 0.00 0.00 0.00 0.00 0.00 0.00 0.00 0.00 0.00 0.00 0.00 0.00 0.00 0.00 0.00 0.00 0.00 0.00 0.00 0.00 0.00 0.00 0.00 0.00 0.00 0.00 0.00 0.00 0.00 0.00 0.00 0.00 0.00 0.00 0.00 0.00 0.00 0.00 0.00 0.00 0.00 0.00 0.00 0.00 0.00 0.00 0.00 0.00 0.00 0.00 0.00 0.00 0.00 0.00 0.00 0.00 0.00 0.00 0.00 0.00 0.00 0.00 0.00 0.00 0.00 0.00 0.00 0.00 0.00 0.00 0.00 0.00 0.00 0.00 0.00 0.00 0.00 0.00 0.00 0.00 0.00 0.00 0.00 0.00 0.00 0.00 0.00 0.00 0.00 0.00 0.00 0.00 0.00 0.00 0.00 0.00 0.00 0.00 0.00 0.00 0.00 0.00 0.00 0.00 0.00 0.00 0.00 0.00 0.00 0.00 0.00 0.00 0.00 0.00 0.00 0.00 0.00 0.00 0.00 0.00 0.00 0.00 0.00 0.00 0.00 0.00 0.00 0.00 0.00 0.00 0.00 0.00 0.00 0.00 0.00 0.00 0.00 0.00 0.00 0.00 0.00 0.00 0.00 0.00 0.00 0.00 0.00 0.00 0.00 0.00 0.00 0.00 0.00 0.00 0.00 0.00 0.00 0.00 0.00 0.00 0.00 0.00 0.00 0.00 0.00 0.00 0.00 0.00 0.00 0.00 0.00 0.00 0.00 0.00 0.00 0.00 0.00 0.00 0.00 0.00 0.00 0.00 0.00 0.00 0.00 0.00 0.00 0.00 0.00 0.00 0.00 0.00 0.00 0.00 0.00 0.00 0.00 0.00 0.00 0.00 0.00 0.00 0.00 0.00 0.00 0.00 0.00 0.00 0.00 0.00 0.00 0.00 0.00 0.00 0.00 0.00 0.00 0.00 0.00 0.00 0.00 0.00 0.00 0.00 0.00 0.00 0.00 0.00 0.00 

(Matriz A 2048 X 2048) até 256 elementos:
0.00 1.00 2.00 3.00 4.00 5.00 6.00 7.00 8.00 9.00 10.00 11.00 12.00 13.00 14.00 15.00 16.00 17.00 18.00 19.00 20.00 21.00 22.00 23.00 24.00 25.00 26.00 27.00 28.00 29.00 30.00 31.00 32.00 33.00 34.00 35.00 36.00 37.00 38.00 39.00 40.00 41.00 42.00 43.00 44.00 45.00 46.00 47.00 48.00 49.00 50.00 51.00 52.00 53.00 54.00 55.00 56.00 57.00 58.00 59.00 60.00 61.00 62.00 63.00 64.00 65.00 66.00 67.00 68.00 69.00 70.00 71.00 72.00 73.00 74.00 75.00 76.00 77.00 78.00 79.00 80.00 81.00 82.00 83.00 84.00 85.00 86.00 87.00 88.00 89.00 90.00 91.00 92.00 93.00 94.00 95.00 96.00 97.00 98.00 99.00 100.00 101.00 102.00 103.00 104.00 105.00 106.00 107.00 108.00 109.00 110.00 111.00 112.00 113.00 114.00 115.00 116.00 117.00 118.00 119.00 120.00 121.00 122.00 123.00 124.00 125.00 126.00 127.00 128.00 129.00 130.00 131.00 132.00 133.00 134.00 135.00 136.00 137.00 138.00 139.00 140.00 141.00 142.00 143.00 144.00 145.00 146.00 147.00 148.00 149.00 150.00 151.00 152.00 153.00 154.00 155.00 156.00 157.00 158.00 159.00 160.00 161.00 162.00 163.00 164.00 165.00 166.00 167.00 168.00 169.00 170.00 171.00 172.00 173.00 174.00 175.00 176.00 177.00 178.00 179.00 180.00 181.00 182.00 183.00 184.00 185.00 186.00 187.00 188.00 189.00 190.00 191.00 192.00 193.00 194.00 195.00 196.00 197.00 198.00 199.00 200.00 201.00 202.00 203.00 204.00 205.00 206.00 207.00 208.00 209.00 210.00 211.00 212.00 213.00 214.00 215.00 216.00 217.00 218.00 219.00 220.00 221.00 222.00 223.00 224.00 225.00 226.00 227.00 228.00 229.00 230.00 231.00 232.00 233.00 234.00 235.00 236.00 237.00 238.00 239.00 240.00 241.00 242.00 243.00 244.00 245.00 246.00 247.00 248.00 249.00 250.00 251.00 252.00 253.00 254.00 255.00 

(Matriz B 2048 X 2048) até 256 elementos:
1.00 2.00 3.00 4.00 5.00 6.00 7.00 8.00 9.00 10.00 11.00 12.00 13.00 14.00 15.00 16.00 17.00 18.00 19.00 20.00 21.00 22.00 23.00 24.00 25.00 26.00 27.00 28.00 29.00 30.00 31.00 32.00 33.00 34.00 35.00 36.00 37.00 38.00 39.00 40.00 41.00 42.00 43.00 44.00 45.00 46.00 47.00 48.00 49.00 50.00 51.00 52.00 53.00 54.00 55.00 56.00 57.00 58.00 59.00 60.00 61.00 62.00 63.00 64.00 65.00 66.00 67.00 68.00 69.00 70.00 71.00 72.00 73.00 74.00 75.00 76.00 77.00 78.00 79.00 80.00 81.00 82.00 83.00 84.00 85.00 86.00 87.00 88.00 89.00 90.00 91.00 92.00 93.00 94.00 95.00 96.00 97.00 98.00 99.00 100.00 101.00 102.00 103.00 104.00 105.00 106.00 107.00 108.00 109.00 110.00 111.00 112.00 113.00 114.00 115.00 116.00 117.00 118.00 119.00 120.00 121.00 122.00 123.00 124.00 125.00 126.00 127.00 128.00 129.00 130.00 131.00 132.00 133.00 134.00 135.00 136.00 137.00 138.00 139.00 140.00 141.00 142.00 143.00 144.00 145.00 146.00 147.00 148.00 149.00 150.00 151.00 152.00 153.00 154.00 155.00 156.00 157.00 158.00 159.00 160.00 161.00 162.00 163.00 164.00 165.00 166.00 167.00 168.00 169.00 170.00 171.00 172.00 173.00 174.00 175.00 176.00 177.00 178.00 179.00 180.00 181.00 182.00 183.00 184.00 185.00 186.00 187.00 188.00 189.00 190.00 191.00 192.00 193.00 194.00 195.00 196.00 197.00 198.00 199.00 200.00 201.00 202.00 203.00 204.00 205.00 206.00 207.00 208.00 209.00 210.00 211.00 212.00 213.00 214.00 215.00 216.00 217.00 218.00 219.00 220.00 221.00 222.00 223.00 224.00 225.00 226.00 227.00 228.00 229.00 230.00 231.00 232.00 233.00 234.00 235.00 236.00 237.00 238.00 239.00 240.00 241.00 242.00 243.00 244.00 245.00 246.00 247.00 248.00 249.00 250.00 251.00 252.00 253.00 254.00 255.00 256.00 

(Matriz A após multiplicação escalar 2048 X 2048) até 256 elementos:
0.00 5.00 10.00 15.00 20.00 25.00 30.00 35.00 40.00 45.00 50.00 55.00 60.00 65.00 70.00 75.00 80.00 85.00 90.00 95.00 100.00 105.00 110.00 115.00 120.00 125.00 130.00 135.00 140.00 145.00 150.00 155.00 160.00 165.00 170.00 175.00 180.00 185.00 190.00 195.00 200.00 205.00 210.00 215.00 220.00 225.00 230.00 235.00 240.00 245.00 250.00 255.00 260.00 265.00 270.00 275.00 280.00 285.00 290.00 295.00 300.00 305.00 310.00 315.00 320.00 325.00 330.00 335.00 340.00 345.00 350.00 355.00 360.00 365.00 370.00 375.00 380.00 385.00 390.00 395.00 400.00 405.00 410.00 415.00 420.00 425.00 430.00 435.00 440.00 445.00 450.00 455.00 460.00 465.00 470.00 475.00 480.00 485.00 490.00 495.00 500.00 505.00 510.00 515.00 520.00 525.00 530.00 535.00 540.00 545.00 550.00 555.00 560.00 565.00 570.00 575.00 580.00 585.00 590.00 595.00 600.00 605.00 610.00 615.00 620.00 625.00 630.00 635.00 640.00 645.00 650.00 655.00 660.00 665.00 670.00 675.00 680.00 685.00 690.00 695.00 700.00 705.00 710.00 715.00 720.00 725.00 730.00 735.00 740.00 745.00 750.00 755.00 760.00 765.00 770.00 775.00 780.00 785.00 790.00 795.00 800.00 805.00 810.00 815.00 820.00 825.00 830.00 835.00 840.00 845.00 850.00 855.00 860.00 865.00 870.00 875.00 880.00 885.00 890.00 895.00 900.00 905.00 910.00 915.00 920.00 925.00 930.00 935.00 940.00 945.00 950.00 955.00 960.00 965.00 970.00 975.00 980.00 985.00 990.00 995.00 1000.00 1005.00 1010.00 1015.00 1020.00 1025.00 1030.00 1035.00 1040.00 1045.00 1050.00 1055.00 1060.00 1065.00 1070.00 1075.00 1080.00 1085.00 1090.00 1095.00 1100.00 1105.00 1110.00 1115.00 1120.00 1125.00 1130.00 1135.00 1140.00 1145.00 1150.00 1155.00 1160.00 1165.00 1170.00 1175.00 1180.00 1185.00 1190.00 1195.00 1200.00 1205.00 1210.00 1215.00 1220.00 1225.00 1230.00 1235.00 1240.00 1245.00 1250.00 1255.00 1260.00 1265.00 1270.00 1275.00 

Tempo multiplicação escalar: 3.831 ms

Tempo multiplicação de matrizes: 8237.310 ms

(Matriz C final 2048 X 2048) até 256 elementos:
29298851315712.00 29298857607168.00 29298870190080.00 29298886967296.00 29298899550208.00 29298903744512.00 29298910035968.00 29298920521728.00 29298933104640.00 29298945687552.00 29298958270464.00 29298966659072.00 29298975047680.00 29298985533440.00 29298993922048.00 29299004407808.00 29299014893568.00 29299023282176.00 29299029573632.00 29299042156544.00 29299054739456.00 29299063128064.00 29299077808128.00 29299090391040.00 29299100876800.00 29299113459712.00 29299126042624.00 29299136528384.00 29299149111296.00 29299159597056.00 29299167985664.00 29299178471424.00 29299188957184.00 29299195248640.00 29299205734400.00 29299214123008.00 29299224608768.00 29299235094528.00 29299245580288.00 29299256066048.00 29299268648960.00 29299279134720.00 29299289620480.00 29299298009088.00 29299308494848.00 29299318980608.00 29299329466368.00 29299339952128.00 29299348340736.00 29299360923648.00 29299371409408.00 29299381895168.00 29299392380928.00 29299402866688.00 29299417546752.00 29299428032512.00 29299440615424.00 29299449004032.00 29299461586944.00 29299469975552.00 29299482558464.00 29299490947072.00 29299499335680.00 29299509821440.00 29299520307200.00 29299528695808.00 29299539181568.00 29299549667328.00 29299562250240.00 29299570638848.00 29299581124608.00 29299591610368.00 29299599998976.00 29299612581888.00 29299620970496.00 29299633553408.00 29299644039168.00 29299654524928.00 29299667107840.00 29299675496448.00 29299688079360.00 29299698565120.00 29299709050880.00 29299721633792.00 29299730022400.00 29299742605312.00 29299750993920.00 29299763576832.00 29299776159744.00 29299784548352.00 29299792936960.00 29299803422720.00 29299813908480.00 29299822297088.00 29299834880000.00 29299843268608.00 29299853754368.00 29299864240128.00 29299872628736.00 29299885211648.00 29299895697408.00 29299906183168.00 29299918766080.00 29299927154688.00 29299939737600.00 29299950223360.00 29299960709120.00 29299973292032.00 29299981680640.00 29299990069248.00 29300002652160.00 29300011040768.00 29300021526528.00 29300032012288.00 29300044595200.00 29300055080960.00 29300067663872.00 29300078149632.00 29300086538240.00 29300099121152.00 29300107509760.00 29300120092672.00 29300128481280.00 29300136869888.00 29300147355648.00 29300157841408.00 29300170424320.00 29300178812928.00 29300189298688.00 29300199784448.00 29300212367360.00 29300220755968.00 29300233338880.00 29300243824640.00 29300254310400.00 29300262699008.00 29300275281920.00 29300285767680.00 29300296253440.00 29300306739200.00 29300317224960.00 29300327710720.00 29300338196480.00 29300346585088.00 29300359168000.00 29300369653760.00 29300380139520.00 29300390625280.00 29300401111040.00 29300409499648.00 29300422082560.00 29300432568320.00 29300440956928.00 29300451442688.00 29300464025600.00 29300472414208.00 29300484997120.00 29300495482880.00 29300503871488.00 29300514357248.00 29300526940160.00 29300535328768.00 29300547911680.00 29300558397440.00 29300568883200.00 29300579368960.00 29300587757568.00 29300602437632.00 29300610826240.00 29300619214848.00 29300629700608.00 29300640186368.00 29300648574976.00 29300663255040.00 29300673740800.00 29300682129408.00 29300694712320.00 29300703100928.00 29300715683840.00 29300728266752.00 29300736655360.00 29300745043968.00 29300757626880.00 29300770209792.00 29300778598400.00 29300789084160.00 29300799569920.00 29300807958528.00 29300820541440.00 29300831027200.00 29300839415808.00 29300851998720.00 29300860387328.00 29300870873088.00 29300881358848.00 29300891844608.00 29300902330368.00 29300912816128.00 29300923301888.00 29300933787648.00 29300944273408.00 29300954759168.00 29300967342080.00 29300975730688.00 29300986216448.00 29300996702208.00 29301007187968.00 29301019770880.00 29301030256640.00 29301040742400.00 29301051228160.00 29301063811072.00 29301072199680.00 29301084782592.00 29301093171200.00 29301103656960.00 29301114142720.00 29301124628480.00 29301133017088.00 29301143502848.00 29301153988608.00 29301164474368.00 29301174960128.00 29301185445888.00 29301198028800.00 29301206417408.00 29301216903168.00 29301227388928.00 29301237874688.00 29301248360448.00 29301258846208.00 29301269331968.00 29301281914880.00 29301290303488.00 29301302886400.00 29301311275008.00 29301321760768.00 29301334343680.00 29301344829440.00 29301355315200.00 29301365800960.00 29301378383872.00 29301386772480.00 29301397258240.00 29301407744000.00 29301416132608.00 29301426618368.00 29301437104128.00 29301449687040.00 29301458075648.00 29301468561408.00 29301479047168.00 29301489532928.00 29301500018688.00 29301508407296.00 29301520990208.00 

Tempo total do programa: 8432.555 ms

Saída para matrizes 1024x1024:
 gcc -std=c11 -pthread -mfma -o matrix_lib_test matrix_lib_test.c matrix_lib.c timer.c

 ./matrix_lib_test 5.0 1024 1024 1024 1024 4 floats_256_2.0f.dat floats_256_5.0f.dat result1.dat result2.dat

****Info do Processador****
Processador:                            Intel(R) Core(TM) i3-6006U CPU @ 2.00GHz
Thread(s) per core:                    2
Core(s) per socket:                    2
Architecture:                          x86_64

(Matriz A 1024 X 1024) até 256 elementos:
0.00 1.00 2.00 3.00 4.00 5.00 6.00 7.00 8.00 9.00 10.00 11.00 12.00 13.00 14.00 15.00 16.00 17.00 18.00 19.00 20.00 21.00 22.00 23.00 24.00 25.00 26.00 27.00 28.00 29.00 30.00 31.00 32.00 33.00 34.00 35.00 36.00 37.00 38.00 39.00 40.00 41.00 42.00 43.00 44.00 45.00 46.00 47.00 48.00 49.00 50.00 51.00 52.00 53.00 54.00 55.00 56.00 57.00 58.00 59.00 60.00 61.00 62.00 63.00 64.00 65.00 66.00 67.00 68.00 69.00 70.00 71.00 72.00 73.00 74.00 75.00 76.00 77.00 78.00 79.00 80.00 81.00 82.00 83.00 84.00 85.00 86.00 87.00 88.00 89.00 90.00 91.00 92.00 93.00 94.00 95.00 96.00 97.00 98.00 99.00 100.00 101.00 102.00 103.00 104.00 105.00 106.00 107.00 108.00 109.00 110.00 111.00 112.00 113.00 114.00 115.00 116.00 117.00 118.00 119.00 120.00 121.00 122.00 123.00 124.00 125.00 126.00 127.00 128.00 129.00 130.00 131.00 132.00 133.00 134.00 135.00 136.00 137.00 138.00 139.00 140.00 141.00 142.00 143.00 144.00 145.00 146.00 147.00 148.00 149.00 150.00 151.00 152.00 153.00 154.00 155.00 156.00 157.00 158.00 159.00 160.00 161.00 162.00 163.00 164.00 165.00 166.00 167.00 168.00 169.00 170.00 171.00 172.00 173.00 174.00 175.00 176.00 177.00 178.00 179.00 180.00 181.00 182.00 183.00 184.00 185.00 186.00 187.00 188.00 189.00 190.00 191.00 192.00 193.00 194.00 195.00 196.00 197.00 198.00 199.00 200.00 201.00 202.00 203.00 204.00 205.00 206.00 207.00 208.00 209.00 210.00 211.00 212.00 213.00 214.00 215.00 216.00 217.00 218.00 219.00 220.00 221.00 222.00 223.00 224.00 225.00 226.00 227.00 228.00 229.00 230.00 231.00 232.00 233.00 234.00 235.00 236.00 237.00 238.00 239.00 240.00 241.00 242.00 243.00 244.00 245.00 246.00 247.00 248.00 249.00 250.00 251.00 252.00 253.00 254.00 255.00 

(Matriz B 1024 X 1024) até 256 elementos:
1.00 2.00 3.00 4.00 5.00 6.00 7.00 8.00 9.00 10.00 11.00 12.00 13.00 14.00 15.00 16.00 17.00 18.00 19.00 20.00 21.00 22.00 23.00 24.00 25.00 26.00 27.00 28.00 29.00 30.00 31.00 32.00 33.00 34.00 35.00 36.00 37.00 38.00 39.00 40.00 41.00 42.00 43.00 44.00 45.00 46.00 47.00 48.00 49.00 50.00 51.00 52.00 53.00 54.00 55.00 56.00 57.00 58.00 59.00 60.00 61.00 62.00 63.00 64.00 65.00 66.00 67.00 68.00 69.00 70.00 71.00 72.00 73.00 74.00 75.00 76.00 77.00 78.00 79.00 80.00 81.00 82.00 83.00 84.00 85.00 86.00 87.00 88.00 89.00 90.00 91.00 92.00 93.00 94.00 95.00 96.00 97.00 98.00 99.00 100.00 101.00 102.00 103.00 104.00 105.00 106.00 107.00 108.00 109.00 110.00 111.00 112.00 113.00 114.00 115.00 116.00 117.00 118.00 119.00 120.00 121.00 122.00 123.00 124.00 125.00 126.00 127.00 128.00 129.00 130.00 131.00 132.00 133.00 134.00 135.00 136.00 137.00 138.00 139.00 140.00 141.00 142.00 143.00 144.00 145.00 146.00 147.00 148.00 149.00 150.00 151.00 152.00 153.00 154.00 155.00 156.00 157.00 158.00 159.00 160.00 161.00 162.00 163.00 164.00 165.00 166.00 167.00 168.00 169.00 170.00 171.00 172.00 173.00 174.00 175.00 176.00 177.00 178.00 179.00 180.00 181.00 182.00 183.00 184.00 185.00 186.00 187.00 188.00 189.00 190.00 191.00 192.00 193.00 194.00 195.00 196.00 197.00 198.00 199.00 200.00 201.00 202.00 203.00 204.00 205.00 206.00 207.00 208.00 209.00 210.00 211.00 212.00 213.00 214.00 215.00 216.00 217.00 218.00 219.00 220.00 221.00 222.00 223.00 224.00 225.00 226.00 227.00 228.00 229.00 230.00 231.00 232.00 233.00 234.00 235.00 236.00 237.00 238.00 239.00 240.00 241.00 242.00 243.00 244.00 245.00 246.00 247.00 248.00 249.00 250.00 251.00 252.00 253.00 254.00 255.00 256.00 

Tempo multiplicação escalar: 1.755 ms

Tempo multiplicação de matrizes: 840.841 ms

(Matriz C final 1024 X 1024) até 256 elementos:
1829838782464.00 1829841666048.00 1829843763200.00 1829845860352.00 1829849137152.00 1829851889664.00 1829853986816.00 1829856739328.00 1829859753984.00 1829862113280.00 1829864472576.00 1829867487232.00 1829869977600.00 1829872599040.00 1829874958336.00 1829877972992.00 1829880332288.00 1829883084800.00 1829885706240.00 1829888327680.00 1829890949120.00 1829893570560.00 1829895929856.00 1829898813440.00 1829901434880.00 1829903925248.00 1829906546688.00 1829909299200.00 1829911920640.00 1829914411008.00 1829917163520.00 1829919784960.00 1829922406400.00 1829924896768.00 1829927649280.00 1829930139648.00 1829932892160.00 1829935513600.00 1829938135040.00 1829940625408.00 1829943377920.00 1829945999360.00 1829948489728.00 1829951242240.00 1829953732608.00 1829956354048.00 1829959106560.00 1829961728000.00 1829964087296.00 1829966839808.00 1829969461248.00 1829971951616.00 1829974573056.00 1829977325568.00 1829980078080.00 1829982437376.00 1829985058816.00 1829987680256.00 1829990432768.00 1829992923136.00 1829995675648.00 1829998166016.00 1830000918528.00 1830003408896.00 1830006030336.00 1830008651776.00 1830011404288.00 1830013894656.00 1830016516096.00 1830019268608.00 1830021890048.00 1830024380416.00 1830027132928.00 1830029754368.00 1830032375808.00 1830034866176.00 1830037618688.00 1830040240128.00 1830042861568.00 1830045483008.00 1830047973376.00 1830050725888.00 1830053216256.00 1830055837696.00 1830058459136.00 1830061211648.00 1830063702016.00 1830066323456.00 1830068944896.00 1830071566336.00 1830074187776.00 1830076809216.00 1830079430656.00 1830082052096.00 1830084673536.00 1830087294976.00 1830089916416.00 1830092537856.00 1830095159296.00 1830097780736.00 1830100402176.00 1830103023616.00 1830105645056.00 1830108266496.00 1830110887936.00 1830113509376.00 1830116130816.00 1830118752256.00 1830121373696.00 1830123995136.00 1830126616576.00 1830129238016.00 1830131859456.00 1830134480896.00 1830137102336.00 1830139723776.00 1830142345216.00 1830144835584.00 1830147588096.00 1830150209536.00 1830152830976.00 1830155452416.00 1830158073856.00 1830160564224.00 1830163185664.00 1830165807104.00 1830168428544.00 1830171181056.00 1830173671424.00 1830176292864.00 1830178914304.00 1830181666816.00 1830184288256.00 1830186909696.00 1830189531136.00 1830192152576.00 1830194511872.00 1830197264384.00 1830200016896.00 1830202638336.00 1830205259776.00 1830207750144.00 1830210502656.00 1830212993024.00 1830215614464.00 1830218366976.00 1830220988416.00 1830223347712.00 1830226100224.00 1830228721664.00 1830231343104.00 1830234095616.00 1830236585984.00 1830239207424.00 1830241828864.00 1830244450304.00 1830247071744.00 1830249562112.00 1830252314624.00 1830254936064.00 1830257557504.00 1830260047872.00 1830262931456.00 1830265421824.00 1830267912192.00 1830270533632.00 1830273155072.00 1830275907584.00 1830278529024.00 1830281019392.00 1830283640832.00 1830286262272.00 1830288883712.00 1830291636224.00 1830294126592.00 1830296879104.00 1830299500544.00 1830302121984.00 1830304612352.00 1830307364864.00 1830309855232.00 1830312476672.00 1830315098112.00 1830317850624.00 1830320340992.00 1830322962432.00 1830325714944.00 1830328205312.00 1830330957824.00 1830333448192.00 1830336069632.00 1830338691072.00 1830341312512.00 1830343933952.00 1830346555392.00 1830349176832.00 1830351798272.00 1830354419712.00 1830357041152.00 1830359662592.00 1830362284032.00 1830364905472.00 1830367526912.00 1830370148352.00 1830372769792.00 1830375260160.00 1830378012672.00 1830380634112.00 1830383255552.00 1830385876992.00 1830388498432.00 1830391119872.00 1830393741312.00 1830396362752.00 1830398984192.00 1830401474560.00 1830404227072.00 1830406848512.00 1830409338880.00 1830412091392.00 1830414712832.00 1830417334272.00 1830419955712.00 1830422577152.00 1830425067520.00 1830427688960.00 1830430441472.00 1830433062912.00 1830435553280.00 1830438174720.00 1830440796160.00 1830443417600.00 1830446170112.00 1830448660480.00 1830451412992.00 1830453903360.00 1830456655872.00 1830459277312.00 1830461898752.00 1830464389120.00 1830467141632.00 1830469763072.00 1830472253440.00 1830475005952.00 1830477496320.00 1830480248832.00 1830482870272.00 1830485491712.00 1830488113152.00 1830490734592.00 1830493224960.00 1830495846400.00 1830498467840.00 1830501089280.00 1830503579648.00 1830506201088.00 

Tempo total do programa: 918.759 ms

-----Maria Laura Soares 2320467----

Saída para matrizes 2048x2048:
gcc -std=c11 -pthread -mfma -o matrix_lib_test matrix_lib_test.c matrix_lib.c timer.c
./matrix_lib_test 5.0 2048 2048 2048 2048 4 floats_256_2.0f.dat floats_256_5.0f.dat result1.dat result2.dat

****Info do Processador****
Processador:                            11th Gen Intel(R) Core(TM) i7-1165G7 @ 2.80GHz
Thread(s) per core:                    2
Core(s) per socket:                    4
Architecture:                          x86_64

(Matriz A 2048 X 2048) até 256 elementos:
0.00 1.00 2.00 3.00 4.00 5.00 6.00 7.00 8.00 9.00 10.00 11.00 12.00 13.00 14.00 15.00 16.00 17.00 18.00 19.00 20.00 21.00 22.00 23.00 24.00 25.00 26.00 27.00 28.00 29.00 30.00 31.00 32.00 33.00 34.00 35.00 36.00 37.00 38.00 39.00 40.00 41.00 42.00 43.00 44.00 45.00 46.00 47.00 48.00 49.00 50.00 51.00 52.00 53.00 54.00 55.00 56.00 57.00 58.00 59.00 60.00 61.00 62.00 63.00 64.00 65.00 66.00 67.00 68.00 69.00 70.00 71.00 72.00 73.00 74.00 75.00 76.00 77.00 78.00 79.00 80.00 81.00 82.00 83.00 84.00 85.00 86.00 87.00 88.00 89.00 90.00 91.00 92.00 93.00 94.00 95.00 96.00 97.00 98.00 99.00 100.00 101.00 102.00 103.00 104.00 105.00 106.00 107.00 108.00 109.00 110.00 111.00 112.00 113.00 114.00 115.00 116.00 117.00 118.00 119.00 120.00 121.00 122.00 123.00 124.00 125.00 126.00 127.00 128.00 129.00 130.00 131.00 132.00 133.00 134.00 135.00 136.00 137.00 138.00 139.00 140.00 141.00 142.00 143.00 144.00 145.00 146.00 147.00 148.00 149.00 150.00 151.00 152.00 153.00 154.00 155.00 156.00 157.00 158.00 159.00 160.00 161.00 162.00 163.00 164.00 165.00 166.00 167.00 168.00 169.00 170.00 171.00 172.00 173.00 174.00 175.00 176.00 177.00 178.00 179.00 180.00 181.00 182.00 183.00 184.00 185.00 186.00 187.00 188.00 189.00 190.00 191.00 192.00 193.00 194.00 195.00 196.00 197.00 198.00 199.00 200.00 201.00 202.00 203.00 204.00 205.00 206.00 207.00 208.00 209.00 210.00 211.00 212.00 213.00 214.00 215.00 216.00 217.00 218.00 219.00 220.00 221.00 222.00 223.00 224.00 225.00 226.00 227.00 228.00 229.00 230.00 231.00 232.00 233.00 234.00 235.00 236.00 237.00 238.00 239.00 240.00 241.00 242.00 243.00 244.00 245.00 246.00 247.00 248.00 249.00 250.00 251.00 252.00 253.00 254.00 255.00

(Matriz B 2048 X 2048) até 256 elementos:
1.00 2.00 3.00 4.00 5.00 6.00 7.00 8.00 9.00 10.00 11.00 12.00 13.00 14.00 15.00 16.00 17.00 18.00 19.00 20.00 21.00 22.00 23.00 24.00 25.00 26.00 27.00 28.00 29.00 30.00 31.00 32.00 33.00 34.00 35.00 36.00 37.00 38.00 39.00 40.00 41.00 42.00 43.00 44.00 45.00 46.00 47.00 48.00 49.00 50.00 51.00 52.00 53.00 54.00 55.00 56.00 57.00 58.00 59.00 60.00 61.00 62.00 63.00 64.00 65.00 66.00 67.00 68.00 69.00 70.00 71.00 72.00 73.00 74.00 75.00 76.00 77.00 78.00 79.00 80.00 81.00 82.00 83.00 84.00 85.00 86.00 87.00 88.00 89.00 90.00 91.00 92.00 93.00 94.00 95.00 96.00 97.00 98.00 99.00 100.00 101.00 102.00 103.00 104.00 105.00 106.00 107.00 108.00 109.00 110.00 111.00 112.00 113.00 114.00 115.00 116.00 117.00 118.00 119.00 120.00 121.00 122.00 123.00 124.00 125.00 126.00 127.00 128.00 129.00 130.00 131.00 132.00 133.00 134.00 135.00 136.00 137.00 138.00 139.00 140.00 141.00 142.00 143.00 144.00 145.00 146.00 147.00 148.00 149.00 150.00 151.00 152.00 153.00 154.00 155.00 156.00 157.00 158.00 159.00 160.00 161.00 162.00 163.00 164.00 165.00 166.00 167.00 168.00 169.00 170.00 171.00 172.00 173.00 174.00 175.00 176.00 177.00 178.00 179.00 180.00 181.00 182.00 183.00 184.00 185.00 186.00 187.00 188.00 189.00 190.00 191.00 192.00 193.00 194.00 195.00 196.00 197.00 198.00 199.00 200.00 201.00 202.00 203.00 204.00 205.00 206.00 207.00 208.00 209.00 210.00 211.00 212.00 213.00 214.00 215.00 216.00 217.00 218.00 219.00 220.00 221.00 222.00 223.00 224.00 225.00 226.00 227.00 228.00 229.00 230.00 231.00 232.00 233.00 234.00 235.00 236.00 237.00 238.00 239.00 240.00 241.00 242.00 243.00 244.00 245.00 246.00 247.00 248.00 249.00 250.00 251.00 252.00 253.00 254.00 255.00 256.00

Tempo multiplicação escalar: 15.695 ms

Tempo multiplicação de matrizes: 2365.535 ms

(Matriz C final 2048 X 2048) até 256 elementos:
29298851315712.00 29298857607168.00 29298870190080.00 29298886967296.00 29298899550208.00 29298903744512.00 29298910035968.00 29298920521728.00 29298933104640.00 29298945687552.00 29298958270464.00 29298966659072.00 29298975047680.00 29298985533440.00 29298993922048.00 29299004407808.00 29299014893568.00 29299023282176.00 29299029573632.00 29299042156544.00 29299054739456.00 29299063128064.00 29299077808128.00 29299090391040.00 29299100876800.00 29299113459712.00 29299126042624.00 29299136528384.00 29299149111296.00 29299159597056.00 29299167985664.00 29299178471424.00 29299188957184.00 29299195248640.00 29299205734400.00 29299214123008.00 29299224608768.00 29299235094528.00 29299245580288.00 29299256066048.00 29299268648960.00 29299279134720.00 29299289620480.00 29299298009088.00 29299308494848.00 29299318980608.00 29299329466368.00 29299339952128.00 29299348340736.00 29299360923648.00 29299371409408.00 29299381895168.00 29299392380928.00 29299402866688.00 29299417546752.00 29299428032512.00 29299440615424.00 29299449004032.00 29299461586944.00 29299469975552.00 29299482558464.00 29299490947072.00 29299499335680.00 29299509821440.00 29299520307200.00 29299528695808.00 29299539181568.00 29299549667328.00 29299562250240.00 29299570638848.00 29299581124608.00 29299591610368.00 29299599998976.00 29299612581888.00 29299620970496.00 29299633553408.00 29299644039168.00 29299654524928.00 29299667107840.00 29299675496448.00 29299688079360.00 29299698565120.00 29299709050880.00 29299721633792.00 29299730022400.00 29299742605312.00 29299750993920.00 29299763576832.00 29299776159744.00 29299784548352.00 29299792936960.00 29299803422720.00 29299813908480.00 29299822297088.00 29299834880000.00 29299843268608.00 29299853754368.00 29299864240128.00 29299872628736.00 29299885211648.00 29299895697408.00 29299906183168.00 29299918766080.00 29299927154688.00 29299939737600.00 29299950223360.00 29299960709120.00 29299973292032.00 29299981680640.00 29299990069248.00 29300002652160.00 29300011040768.00 29300021526528.00 29300032012288.00 29300044595200.00 29300055080960.00 29300067663872.00 29300078149632.00 29300086538240.00 29300099121152.00 29300107509760.00 29300120092672.00 29300128481280.00 29300136869888.00 29300147355648.00 29300157841408.00 29300170424320.00 29300178812928.00 29300189298688.00 29300199784448.00 29300212367360.00 29300220755968.00 29300233338880.00 29300243824640.00 29300254310400.00 29300262699008.00 29300275281920.00 29300285767680.00 29300296253440.00 29300306739200.00 29300317224960.00 29300327710720.00 29300338196480.00 29300346585088.00 29300359168000.00 29300369653760.00 29300380139520.00 29300390625280.00 29300401111040.00 29300409499648.00 29300422082560.00 29300432568320.00 29300440956928.00 29300451442688.00 29300464025600.00 29300472414208.00 29300484997120.00 29300495482880.00 29300503871488.00 29300514357248.00 29300526940160.00 29300535328768.00 29300547911680.00 29300558397440.00 29300568883200.00 29300579368960.00 29300587757568.00 29300602437632.00 29300610826240.00 29300619214848.00 29300629700608.00 29300640186368.00 29300648574976.00 29300663255040.00 29300673740800.00 29300682129408.00 29300694712320.00 29300703100928.00 29300715683840.00 29300728266752.00 29300736655360.00 29300745043968.00 29300757626880.00 29300770209792.00 29300778598400.00 29300789084160.00 29300799569920.00 29300807958528.00 29300820541440.00 29300831027200.00 29300839415808.00 29300851998720.00 29300860387328.00 29300870873088.00 29300881358848.00 29300891844608.00 29300902330368.00 29300912816128.00 29300923301888.00 29300933787648.00 29300944273408.00 29300954759168.00 29300967342080.00 29300975730688.00 29300986216448.00 29300996702208.00 29301007187968.00 29301019770880.00 29301030256640.00 29301040742400.00 29301051228160.00 29301063811072.00 29301072199680.00 29301084782592.00 29301093171200.00 29301103656960.00 29301114142720.00 29301124628480.00 29301133017088.00 29301143502848.00 29301153988608.00 29301164474368.00 29301174960128.00 29301185445888.00 29301198028800.00 29301206417408.00 29301216903168.00 29301227388928.00 29301237874688.00 29301248360448.00 29301258846208.00 29301269331968.00 29301281914880.00 29301290303488.00 29301302886400.00 29301311275008.00 29301321760768.00 29301334343680.00 29301344829440.00 29301355315200.00 29301365800960.00 29301378383872.00 29301386772480.00 29301397258240.00 29301407744000.00 29301416132608.00 29301426618368.00 29301437104128.00 29301449687040.00 29301458075648.00 29301468561408.00 29301479047168.00 29301489532928.00 29301500018688.00 29301508407296.00 29301520990208.00

Tempo total do programa: 3472.864 ms


Saída para matrizes 1024x1024:
gcc -std=c11 -pthread -mfma -o matrix_lib_test matrix_lib_test.c matrix_lib.c timer.c
./matrix_lib_test 5.0 1024 1024 1024 1024 4 floats_256_2.0f.dat floats_256_5.0f.dat result1.dat result2.dat

****Info do Processador****
Processador:                            11th Gen Intel(R) Core(TM) i7-1165G7 @ 2.80GHz
Thread(s) per core:                    2
Core(s) per socket:                    4
Architecture:                          x86_64

(Matriz A 1024 X 1024) até 256 elementos:
0.00 1.00 2.00 3.00 4.00 5.00 6.00 7.00 8.00 9.00 10.00 11.00 12.00 13.00 14.00 15.00 16.00 17.00 18.00 19.00 20.00 21.00 22.00 23.00 24.00 25.00 26.00 27.00 28.00 29.00 30.00 31.00 32.00 33.00 34.00 35.00 36.00 37.00 38.00 39.00 40.00 41.00 42.00 43.00 44.00 45.00 46.00 47.00 48.00 49.00 50.00 51.00 52.00 53.00 54.00 55.00 56.00 57.00 58.00 59.00 60.00 61.00 62.00 63.00 64.00 65.00 66.00 67.00 68.00 69.00 70.00 71.00 72.00 73.00 74.00 75.00 76.00 77.00 78.00 79.00 80.00 81.00 82.00 83.00 84.00 85.00 86.00 87.00 88.00 89.00 90.00 91.00 92.00 93.00 94.00 95.00 96.00 97.00 98.00 99.00 100.00 101.00 102.00 103.00 104.00 105.00 106.00 107.00 108.00 109.00 110.00 111.00 112.00 113.00 114.00 115.00 116.00 117.00 118.00 119.00 120.00 121.00 122.00 123.00 124.00 125.00 126.00 127.00 128.00 129.00 130.00 131.00 132.00 133.00 134.00 135.00 136.00 137.00 138.00 139.00 140.00 141.00 142.00 143.00 144.00 145.00 146.00 147.00 148.00 149.00 150.00 151.00 152.00 153.00 154.00 155.00 156.00 157.00 158.00 159.00 160.00 161.00 162.00 163.00 164.00 165.00 166.00 167.00 168.00 169.00 170.00 171.00 172.00 173.00 174.00 175.00 176.00 177.00 178.00 179.00 180.00 181.00 182.00 183.00 184.00 185.00 186.00 187.00 188.00 189.00 190.00 191.00 192.00 193.00 194.00 195.00 196.00 197.00 198.00 199.00 200.00 201.00 202.00 203.00 204.00 205.00 206.00 207.00 208.00 209.00 210.00 211.00 212.00 213.00 214.00 215.00 216.00 217.00 218.00 219.00 220.00 221.00 222.00 223.00 224.00 225.00 226.00 227.00 228.00 229.00 230.00 231.00 232.00 233.00 234.00 235.00 236.00 237.00 238.00 239.00 240.00 241.00 242.00 243.00 244.00 245.00 246.00 247.00 248.00 249.00 250.00 251.00 252.00 253.00 254.00 255.00

(Matriz B 1024 X 1024) até 256 elementos:
1.00 2.00 3.00 4.00 5.00 6.00 7.00 8.00 9.00 10.00 11.00 12.00 13.00 14.00 15.00 16.00 17.00 18.00 19.00 20.00 21.00 22.00 23.00 24.00 25.00 26.00 27.00 28.00 29.00 30.00 31.00 32.00 33.00 34.00 35.00 36.00 37.00 38.00 39.00 40.00 41.00 42.00 43.00 44.00 45.00 46.00 47.00 48.00 49.00 50.00 51.00 52.00 53.00 54.00 55.00 56.00 57.00 58.00 59.00 60.00 61.00 62.00 63.00 64.00 65.00 66.00 67.00 68.00 69.00 70.00 71.00 72.00 73.00 74.00 75.00 76.00 77.00 78.00 79.00 80.00 81.00 82.00 83.00 84.00 85.00 86.00 87.00 88.00 89.00 90.00 91.00 92.00 93.00 94.00 95.00 96.00 97.00 98.00 99.00 100.00 101.00 102.00 103.00 104.00 105.00 106.00 107.00 108.00 109.00 110.00 111.00 112.00 113.00 114.00 115.00 116.00 117.00 118.00 119.00 120.00 121.00 122.00 123.00 124.00 125.00 126.00 127.00 128.00 129.00 130.00 131.00 132.00 133.00 134.00 135.00 136.00 137.00 138.00 139.00 140.00 141.00 142.00 143.00 144.00 145.00 146.00 147.00 148.00 149.00 150.00 151.00 152.00 153.00 154.00 155.00 156.00 157.00 158.00 159.00 160.00 161.00 162.00 163.00 164.00 165.00 166.00 167.00 168.00 169.00 170.00 171.00 172.00 173.00 174.00 175.00 176.00 177.00 178.00 179.00 180.00 181.00 182.00 183.00 184.00 185.00 186.00 187.00 188.00 189.00 190.00 191.00 192.00 193.00 194.00 195.00 196.00 197.00 198.00 199.00 200.00 201.00 202.00 203.00 204.00 205.00 206.00 207.00 208.00 209.00 210.00 211.00 212.00 213.00 214.00 215.00 216.00 217.00 218.00 219.00 220.00 221.00 222.00 223.00 224.00 225.00 226.00 227.00 228.00 229.00 230.00 231.00 232.00 233.00 234.00 235.00 236.00 237.00 238.00 239.00 240.00 241.00 242.00 243.00 244.00 245.00 246.00 247.00 248.00 249.00 250.00 251.00 252.00 253.00 254.00 255.00 256.00

Tempo multiplicação escalar: 1.493 ms

Tempo multiplicação de matrizes: 335.682 ms

(Matriz C final 1024 X 1024) até 256 elementos:
1829838782464.00 1829841666048.00 1829843763200.00 1829845860352.00 1829849137152.00 1829851889664.00 1829853986816.00 1829856739328.00 1829859753984.00 1829862113280.00 1829864472576.00 1829867487232.00 1829869977600.00 1829872599040.00 1829874958336.00 1829877972992.00 1829880332288.00 1829883084800.00 1829885706240.00 1829888327680.00 1829890949120.00 1829893570560.00 1829895929856.00 1829898813440.00 1829901434880.00 1829903925248.00 1829906546688.00 1829909299200.00 1829911920640.00 1829914411008.00 1829917163520.00 1829919784960.00 1829922406400.00 1829924896768.00 1829927649280.00 1829930139648.00 1829932892160.00 1829935513600.00 1829938135040.00 1829940625408.00 1829943377920.00 1829945999360.00 1829948489728.00 1829951242240.00 1829953732608.00 1829956354048.00 1829959106560.00 1829961728000.00 1829964087296.00 1829966839808.00 1829969461248.00 1829971951616.00 1829974573056.00 1829977325568.00 1829980078080.00 1829982437376.00 1829985058816.00 1829987680256.00 1829990432768.00 1829992923136.00 1829995675648.00 1829998166016.00 1830000918528.00 1830003408896.00 1830006030336.00 1830008651776.00 1830011404288.00 1830013894656.00 1830016516096.00 1830019268608.00 1830021890048.00 1830024380416.00 1830027132928.00 1830029754368.00 1830032375808.00 1830034866176.00 1830037618688.00 1830040240128.00 1830042861568.00 1830045483008.00 1830047973376.00 1830050725888.00 1830053216256.00 1830055837696.00 1830058459136.00 1830061211648.00 1830063702016.00 1830066323456.00 1830068944896.00 1830071566336.00 1830074187776.00 1830076809216.00 1830079430656.00 1830082052096.00 1830084673536.00 1830087294976.00 1830089916416.00 1830092537856.00 1830095159296.00 1830097780736.00 1830100402176.00 1830103023616.00 1830105645056.00 1830108266496.00 1830110887936.00 1830113509376.00 1830116130816.00 1830118752256.00 1830121373696.00 1830123995136.00 1830126616576.00 1830129238016.00 1830131859456.00 1830134480896.00 1830137102336.00 1830139723776.00 1830142345216.00 1830144835584.00 1830147588096.00 1830150209536.00 1830152830976.00 1830155452416.00 1830158073856.00 1830160564224.00 1830163185664.00 1830165807104.00 1830168428544.00 1830171181056.00 1830173671424.00 1830176292864.00 1830178914304.00 1830181666816.00 1830184288256.00 1830186909696.00 1830189531136.00 1830192152576.00 1830194511872.00 1830197264384.00 1830200016896.00 1830202638336.00 1830205259776.00 1830207750144.00 1830210502656.00 1830212993024.00 1830215614464.00 1830218366976.00 1830220988416.00 1830223347712.00 1830226100224.00 1830228721664.00 1830231343104.00 1830234095616.00 1830236585984.00 1830239207424.00 1830241828864.00 1830244450304.00 1830247071744.00 1830249562112.00 1830252314624.00 1830254936064.00 1830257557504.00 1830260047872.00 1830262931456.00 1830265421824.00 1830267912192.00 1830270533632.00 1830273155072.00 1830275907584.00 1830278529024.00 1830281019392.00 1830283640832.00 1830286262272.00 1830288883712.00 1830291636224.00 1830294126592.00 1830296879104.00 1830299500544.00 1830302121984.00 1830304612352.00 1830307364864.00 1830309855232.00 1830312476672.00 1830315098112.00 1830317850624.00 1830320340992.00 1830322962432.00 1830325714944.00 1830328205312.00 1830330957824.00 1830333448192.00 1830336069632.00 1830338691072.00 1830341312512.00 1830343933952.00 1830346555392.00 1830349176832.00 1830351798272.00 1830354419712.00 1830357041152.00 1830359662592.00 1830362284032.00 1830364905472.00 1830367526912.00 1830370148352.00 1830372769792.00 1830375260160.00 1830378012672.00 1830380634112.00 1830383255552.00 1830385876992.00 1830388498432.00 1830391119872.00 1830393741312.00 1830396362752.00 1830398984192.00 1830401474560.00 1830404227072.00 1830406848512.00 1830409338880.00 1830412091392.00 1830414712832.00 1830417334272.00 1830419955712.00 1830422577152.00 1830425067520.00 1830427688960.00 1830430441472.00 1830433062912.00 1830435553280.00 1830438174720.00 1830440796160.00 1830443417600.00 1830446170112.00 1830448660480.00 1830451412992.00 1830453903360.00 1830456655872.00 1830459277312.00 1830461898752.00 1830464389120.00 1830467141632.00 1830469763072.00 1830472253440.00 1830475005952.00 1830477496320.00 1830480248832.00 1830482870272.00 1830485491712.00 1830488113152.00 1830490734592.00 1830493224960.00 1830495846400.00 1830498467840.00 1830501089280.00 1830503579648.00 1830506201088.00

Tempo total do programa: 619.578 ms

