Dante Honorato Navaza 2321406
Maria Laura  2320467


-------- SAIDA DANTE - PROCESSADOR Apple M2 --------

*****Com matriz 2048x2048:

dantegates@Laptop-de-Dante Matriz-Arquitetura-de-Computadores % gcc -o matrix_lib_test matrix_lib_test.c matrix_lib.c timer.c 
dantegates@Laptop-de-Dante Matriz-Arquitetura-de-Computadores % ./matrix_lib_test 2.0 2048 2048 2048 2048 matrizA.dat matrizB.dat result1.dat result2.dat

(Matriz C inicializada (zerada) 2048 X 2048) até 256 elementos:
0.00 0.00 0.00 0.00 0.00 0.00 0.00 0.00 0.00 0.00 0.00 0.00 0.00 0.00 0.00 0.00 0.00 0.00 0.00 0.00 0.00 0.00 0.00 0.00 0.00 0.00 0.00 0.00 0.00 0.00 0.00 0.00 0.00 0.00 0.00 0.00 0.00 0.00 0.00 0.00 0.00 0.00 0.00 0.00 0.00 0.00 0.00 0.00 0.00 0.00 0.00 0.00 0.00 0.00 0.00 0.00 0.00 0.00 0.00 0.00 0.00 0.00 0.00 0.00 0.00 0.00 0.00 0.00 0.00 0.00 0.00 0.00 0.00 0.00 0.00 0.00 0.00 0.00 0.00 0.00 0.00 0.00 0.00 0.00 0.00 0.00 0.00 0.00 0.00 0.00 0.00 0.00 0.00 0.00 0.00 0.00 0.00 0.00 0.00 0.00 0.00 0.00 0.00 0.00 0.00 0.00 0.00 0.00 0.00 0.00 0.00 0.00 0.00 0.00 0.00 0.00 0.00 0.00 0.00 0.00 0.00 0.00 0.00 0.00 0.00 0.00 0.00 0.00 0.00 0.00 0.00 0.00 0.00 0.00 0.00 0.00 0.00 0.00 0.00 0.00 0.00 0.00 0.00 0.00 0.00 0.00 0.00 0.00 0.00 0.00 0.00 0.00 0.00 0.00 0.00 0.00 0.00 0.00 0.00 0.00 0.00 0.00 0.00 0.00 0.00 0.00 0.00 0.00 0.00 0.00 0.00 0.00 0.00 0.00 0.00 0.00 0.00 0.00 0.00 0.00 0.00 0.00 0.00 0.00 0.00 0.00 0.00 0.00 0.00 0.00 0.00 0.00 0.00 0.00 0.00 0.00 0.00 0.00 0.00 0.00 0.00 0.00 0.00 0.00 0.00 0.00 0.00 0.00 0.00 0.00 0.00 0.00 0.00 0.00 0.00 0.00 0.00 0.00 0.00 0.00 0.00 0.00 0.00 0.00 0.00 0.00 0.00 0.00 0.00 0.00 0.00 0.00 0.00 0.00 0.00 0.00 0.00 0.00 0.00 0.00 0.00 0.00 0.00 0.00 0.00 0.00 0.00 0.00 0.00 0.00 0.00 0.00 0.00 0.00 0.00 0.00 

(Matriz A 2048 X 2048) até 256 elementos:
0.00 1.00 2.00 3.00 4.00 5.00 6.00 7.00 8.00 9.00 10.00 11.00 12.00 13.00 14.00 15.00 16.00 17.00 18.00 19.00 20.00 21.00 22.00 23.00 24.00 25.00 26.00 27.00 28.00 29.00 30.00 31.00 32.00 33.00 34.00 35.00 36.00 37.00 38.00 39.00 40.00 41.00 42.00 43.00 44.00 45.00 46.00 47.00 48.00 49.00 50.00 51.00 52.00 53.00 54.00 55.00 56.00 57.00 58.00 59.00 60.00 61.00 62.00 63.00 64.00 65.00 66.00 67.00 68.00 69.00 70.00 71.00 72.00 73.00 74.00 75.00 76.00 77.00 78.00 79.00 80.00 81.00 82.00 83.00 84.00 85.00 86.00 87.00 88.00 89.00 90.00 91.00 92.00 93.00 94.00 95.00 96.00 97.00 98.00 99.00 100.00 101.00 102.00 103.00 104.00 105.00 106.00 107.00 108.00 109.00 110.00 111.00 112.00 113.00 114.00 115.00 116.00 117.00 118.00 119.00 120.00 121.00 122.00 123.00 124.00 125.00 126.00 127.00 128.00 129.00 130.00 131.00 132.00 133.00 134.00 135.00 136.00 137.00 138.00 139.00 140.00 141.00 142.00 143.00 144.00 145.00 146.00 147.00 148.00 149.00 150.00 151.00 152.00 153.00 154.00 155.00 156.00 157.00 158.00 159.00 160.00 161.00 162.00 163.00 164.00 165.00 166.00 167.00 168.00 169.00 170.00 171.00 172.00 173.00 174.00 175.00 176.00 177.00 178.00 179.00 180.00 181.00 182.00 183.00 184.00 185.00 186.00 187.00 188.00 189.00 190.00 191.00 192.00 193.00 194.00 195.00 196.00 197.00 198.00 199.00 200.00 201.00 202.00 203.00 204.00 205.00 206.00 207.00 208.00 209.00 210.00 211.00 212.00 213.00 214.00 215.00 216.00 217.00 218.00 219.00 220.00 221.00 222.00 223.00 224.00 225.00 226.00 227.00 228.00 229.00 230.00 231.00 232.00 233.00 234.00 235.00 236.00 237.00 238.00 239.00 240.00 241.00 242.00 243.00 244.00 245.00 246.00 247.00 248.00 249.00 250.00 251.00 252.00 253.00 254.00 255.00 

(Matriz B 2048 X 2048) até 256 elementos:
1.00 2.00 3.00 4.00 5.00 6.00 7.00 8.00 9.00 10.00 11.00 12.00 13.00 14.00 15.00 16.00 17.00 18.00 19.00 20.00 21.00 22.00 23.00 24.00 25.00 26.00 27.00 28.00 29.00 30.00 31.00 32.00 33.00 34.00 35.00 36.00 37.00 38.00 39.00 40.00 41.00 42.00 43.00 44.00 45.00 46.00 47.00 48.00 49.00 50.00 51.00 52.00 53.00 54.00 55.00 56.00 57.00 58.00 59.00 60.00 61.00 62.00 63.00 64.00 65.00 66.00 67.00 68.00 69.00 70.00 71.00 72.00 73.00 74.00 75.00 76.00 77.00 78.00 79.00 80.00 81.00 82.00 83.00 84.00 85.00 86.00 87.00 88.00 89.00 90.00 91.00 92.00 93.00 94.00 95.00 96.00 97.00 98.00 99.00 100.00 101.00 102.00 103.00 104.00 105.00 106.00 107.00 108.00 109.00 110.00 111.00 112.00 113.00 114.00 115.00 116.00 117.00 118.00 119.00 120.00 121.00 122.00 123.00 124.00 125.00 126.00 127.00 128.00 129.00 130.00 131.00 132.00 133.00 134.00 135.00 136.00 137.00 138.00 139.00 140.00 141.00 142.00 143.00 144.00 145.00 146.00 147.00 148.00 149.00 150.00 151.00 152.00 153.00 154.00 155.00 156.00 157.00 158.00 159.00 160.00 161.00 162.00 163.00 164.00 165.00 166.00 167.00 168.00 169.00 170.00 171.00 172.00 173.00 174.00 175.00 176.00 177.00 178.00 179.00 180.00 181.00 182.00 183.00 184.00 185.00 186.00 187.00 188.00 189.00 190.00 191.00 192.00 193.00 194.00 195.00 196.00 197.00 198.00 199.00 200.00 201.00 202.00 203.00 204.00 205.00 206.00 207.00 208.00 209.00 210.00 211.00 212.00 213.00 214.00 215.00 216.00 217.00 218.00 219.00 220.00 221.00 222.00 223.00 224.00 225.00 226.00 227.00 228.00 229.00 230.00 231.00 232.00 233.00 234.00 235.00 236.00 237.00 238.00 239.00 240.00 241.00 242.00 243.00 244.00 245.00 246.00 247.00 248.00 249.00 250.00 251.00 252.00 253.00 254.00 255.00 256.00 

Tempo da multiplicacao da matriz por escalar: 9.394 ms

Matriz A dps da multiplicacao escalar por 2.00:
( 2048 X 2048) até 256 elementos:
0.00 2.00 4.00 6.00 8.00 10.00 12.00 14.00 16.00 18.00 20.00 22.00 24.00 26.00 28.00 30.00 32.00 34.00 36.00 38.00 40.00 42.00 44.00 46.00 48.00 50.00 52.00 54.00 56.00 58.00 60.00 62.00 64.00 66.00 68.00 70.00 72.00 74.00 76.00 78.00 80.00 82.00 84.00 86.00 88.00 90.00 92.00 94.00 96.00 98.00 100.00 102.00 104.00 106.00 108.00 110.00 112.00 114.00 116.00 118.00 120.00 122.00 124.00 126.00 128.00 130.00 132.00 134.00 136.00 138.00 140.00 142.00 144.00 146.00 148.00 150.00 152.00 154.00 156.00 158.00 160.00 162.00 164.00 166.00 168.00 170.00 172.00 174.00 176.00 178.00 180.00 182.00 184.00 186.00 188.00 190.00 192.00 194.00 196.00 198.00 200.00 202.00 204.00 206.00 208.00 210.00 212.00 214.00 216.00 218.00 220.00 222.00 224.00 226.00 228.00 230.00 232.00 234.00 236.00 238.00 240.00 242.00 244.00 246.00 248.00 250.00 252.00 254.00 256.00 258.00 260.00 262.00 264.00 266.00 268.00 270.00 272.00 274.00 276.00 278.00 280.00 282.00 284.00 286.00 288.00 290.00 292.00 294.00 296.00 298.00 300.00 302.00 304.00 306.00 308.00 310.00 312.00 314.00 316.00 318.00 320.00 322.00 324.00 326.00 328.00 330.00 332.00 334.00 336.00 338.00 340.00 342.00 344.00 346.00 348.00 350.00 352.00 354.00 356.00 358.00 360.00 362.00 364.00 366.00 368.00 370.00 372.00 374.00 376.00 378.00 380.00 382.00 384.00 386.00 388.00 390.00 392.00 394.00 396.00 398.00 400.00 402.00 404.00 406.00 408.00 410.00 412.00 414.00 416.00 418.00 420.00 422.00 424.00 426.00 428.00 430.00 432.00 434.00 436.00 438.00 440.00 442.00 444.00 446.00 448.00 450.00 452.00 454.00 456.00 458.00 460.00 462.00 464.00 466.00 468.00 470.00 472.00 474.00 476.00 478.00 480.00 482.00 484.00 486.00 488.00 490.00 492.00 494.00 496.00 498.00 500.00 502.00 504.00 506.00 508.00 510.00 

Tempo da multiplicacao entre as matrizes A e B: 35128.758 ms

(Matriz C dps de multiplicar A e B 2048 X 2048) até 256 elementos:
11719555416064.00 11719555416064.00 11719556464640.00 11719556464640.00 11719557513216.00 11719557513216.00 11719558561792.00 11719562756096.00 11719567998976.00 11719573241856.00 11719577436160.00 11719580581888.00 11719582679040.00 11719583727616.00 11719585824768.00 11719588970496.00 11719592116224.00 11719595261952.00 11719598407680.00 11719601553408.00 11719603650560.00 11719607844864.00 11719612039168.00 11719618330624.00 11719624622080.00 11719629864960.00 11719634059264.00 11719638253568.00 11719642447872.00 11719646642176.00 11719651885056.00 11719657127936.00 11719662370816.00 11719667613696.00 11719671808000.00 11719677050880.00 11719680196608.00 11719685439488.00 11719688585216.00 11719692779520.00 11719696973824.00 11719699070976.00 11719703265280.00 11719705362432.00 11719709556736.00 11719712702464.00 11719717945344.00 11719723188224.00 11719726333952.00 11719730528256.00 11719734722560.00 11719736819712.00 11719741014016.00 11719746256896.00 11719752548352.00 11719758839808.00 11719763034112.00 11719769325568.00 11719773519872.00 11719778762752.00 11719785054208.00 11719790297088.00 11719795539968.00 11719800782848.00 11719809171456.00 11719816511488.00 11719822802944.00 11719828045824.00 11719833288704.00 11719839580160.00 11719842725888.00 11719846920192.00 11719851114496.00 11719855308800.00 11719859503104.00 11719862648832.00 11719865794560.00 11719871037440.00 11719875231744.00 11719879426048.00 11719884668928.00 11719888863232.00 11719892008960.00 11719896203264.00 11719902494720.00 11719905640448.00 11719908786176.00 11719911931904.00 11719916126208.00 11719920320512.00 11719924514816.00 11719928709120.00 11719932903424.00 11719936049152.00 11719940243456.00 11719946534912.00 11719949680640.00 11719952826368.00 11719957020672.00 11719960166400.00 11719963312128.00 11719967506432.00 11719972749312.00 11719975895040.00 11719979040768.00 11719982186496.00 11719984283648.00 11719987429376.00 11719990575104.00 11719993720832.00 11719996866560.00 11720000012288.00 11720005255168.00 11720009449472.00 11720013643776.00 11720018886656.00 11720023080960.00 11720028323840.00 11720031469568.00 11720038809600.00 11720043003904.00 11720047198208.00 11720050343936.00 11720053489664.00 11720058732544.00 11720060829696.00 11720065024000.00 11720072364032.00 11720076558336.00 11720079704064.00 11720084946944.00 11720087044096.00 11720094384128.00 11720098578432.00 11720103821312.00 11720111161344.00 11720115355648.00 11720119549952.00 11720126889984.00 11720130035712.00 11720135278592.00 11720139472896.00 11720144715776.00 11720148910080.00 11720152055808.00 11720157298688.00 11720160444416.00 11720163590144.00 11720170930176.00 11720175124480.00 11720178270208.00 11720182464512.00 11720185610240.00 11720189804544.00 11720193998848.00 11720199241728.00 11720202387456.00 11720207630336.00 11720211824640.00 11720217067520.00 11720221261824.00 11720224407552.00 11720228601856.00 11720231747584.00 11720238039040.00 11720241184768.00 11720244330496.00 11720247476224.00 11720252719104.00 11720255864832.00 11720262156288.00 11720264253440.00 11720267399168.00 11720270544896.00 11720273690624.00 11720278933504.00 11720281030656.00 11720285224960.00 11720288370688.00 11720291516416.00 11720294662144.00 11720297807872.00 11720300953600.00 11720305147904.00 11720307245056.00 11720310390784.00 11720314585088.00 11720316682240.00 11720318779392.00 11720322973696.00 11720326119424.00 11720331362304.00 11720336605184.00 11720340799488.00 11720342896640.00 11720348139520.00 11720351285248.00 11720356528128.00 11720361771008.00 11720365965312.00 11720371208192.00 11720375402496.00 11720380645376.00 11720383791104.00 11720387985408.00 11720393228288.00 11720396374016.00 11720401616896.00 11720404762624.00 11720411054080.00 11720415248384.00 11720419442688.00 11720423636992.00 11720427831296.00 11720434122752.00 11720438317056.00 11720443559936.00 11720446705664.00 11720451948544.00 11720456142848.00 11720459288576.00 11720463482880.00 11720468725760.00 11720471871488.00 11720477114368.00 11720481308672.00 11720486551552.00 11720491794432.00 11720495988736.00 11720500183040.00 11720505425920.00 11720511717376.00 11720515911680.00 11720519057408.00 11720524300288.00 11720528494592.00 11720533737472.00 11720538980352.00 11720541077504.00 11720547368960.00 11720552611840.00 11720555757568.00 11720559951872.00 11720566243328.00 11720570437632.00 11720575680512.00 11720579874816.00 11720581971968.00 11720587214848.00 11720591409152.00 11720596652032.00 11720598749184.00 11720602943488.00 11720606089216.00 11720613429248.00 11720618672128.00 

Tempo total do programa: 35182.188 ms



*****Com matriz 1024x1024:

dantegates@Laptop-de-Dante Matriz-Arquitetura-de-Computadores % ./matrix_lib_test 2.0 1024 1024 1024 1024 matrizA.dat matrizB.dat result1.dat result2.dat

(Matriz C inicializada (zerada) 1024 X 1024) até 256 elementos:
0.00 0.00 0.00 0.00 0.00 0.00 0.00 0.00 0.00 0.00 0.00 0.00 0.00 0.00 0.00 0.00 0.00 0.00 0.00 0.00 0.00 0.00 0.00 0.00 0.00 0.00 0.00 0.00 0.00 0.00 0.00 0.00 0.00 0.00 0.00 0.00 0.00 0.00 0.00 0.00 0.00 0.00 0.00 0.00 0.00 0.00 0.00 0.00 0.00 0.00 0.00 0.00 0.00 0.00 0.00 0.00 0.00 0.00 0.00 0.00 0.00 0.00 0.00 0.00 0.00 0.00 0.00 0.00 0.00 0.00 0.00 0.00 0.00 0.00 0.00 0.00 0.00 0.00 0.00 0.00 0.00 0.00 0.00 0.00 0.00 0.00 0.00 0.00 0.00 0.00 0.00 0.00 0.00 0.00 0.00 0.00 0.00 0.00 0.00 0.00 0.00 0.00 0.00 0.00 0.00 0.00 0.00 0.00 0.00 0.00 0.00 0.00 0.00 0.00 0.00 0.00 0.00 0.00 0.00 0.00 0.00 0.00 0.00 0.00 0.00 0.00 0.00 0.00 0.00 0.00 0.00 0.00 0.00 0.00 0.00 0.00 0.00 0.00 0.00 0.00 0.00 0.00 0.00 0.00 0.00 0.00 0.00 0.00 0.00 0.00 0.00 0.00 0.00 0.00 0.00 0.00 0.00 0.00 0.00 0.00 0.00 0.00 0.00 0.00 0.00 0.00 0.00 0.00 0.00 0.00 0.00 0.00 0.00 0.00 0.00 0.00 0.00 0.00 0.00 0.00 0.00 0.00 0.00 0.00 0.00 0.00 0.00 0.00 0.00 0.00 0.00 0.00 0.00 0.00 0.00 0.00 0.00 0.00 0.00 0.00 0.00 0.00 0.00 0.00 0.00 0.00 0.00 0.00 0.00 0.00 0.00 0.00 0.00 0.00 0.00 0.00 0.00 0.00 0.00 0.00 0.00 0.00 0.00 0.00 0.00 0.00 0.00 0.00 0.00 0.00 0.00 0.00 0.00 0.00 0.00 0.00 0.00 0.00 0.00 0.00 0.00 0.00 0.00 0.00 0.00 0.00 0.00 0.00 0.00 0.00 0.00 0.00 0.00 0.00 0.00 0.00 

(Matriz A 1024 X 1024) até 256 elementos:
0.00 1.00 2.00 3.00 4.00 5.00 6.00 7.00 8.00 9.00 10.00 11.00 12.00 13.00 14.00 15.00 16.00 17.00 18.00 19.00 20.00 21.00 22.00 23.00 24.00 25.00 26.00 27.00 28.00 29.00 30.00 31.00 32.00 33.00 34.00 35.00 36.00 37.00 38.00 39.00 40.00 41.00 42.00 43.00 44.00 45.00 46.00 47.00 48.00 49.00 50.00 51.00 52.00 53.00 54.00 55.00 56.00 57.00 58.00 59.00 60.00 61.00 62.00 63.00 64.00 65.00 66.00 67.00 68.00 69.00 70.00 71.00 72.00 73.00 74.00 75.00 76.00 77.00 78.00 79.00 80.00 81.00 82.00 83.00 84.00 85.00 86.00 87.00 88.00 89.00 90.00 91.00 92.00 93.00 94.00 95.00 96.00 97.00 98.00 99.00 100.00 101.00 102.00 103.00 104.00 105.00 106.00 107.00 108.00 109.00 110.00 111.00 112.00 113.00 114.00 115.00 116.00 117.00 118.00 119.00 120.00 121.00 122.00 123.00 124.00 125.00 126.00 127.00 128.00 129.00 130.00 131.00 132.00 133.00 134.00 135.00 136.00 137.00 138.00 139.00 140.00 141.00 142.00 143.00 144.00 145.00 146.00 147.00 148.00 149.00 150.00 151.00 152.00 153.00 154.00 155.00 156.00 157.00 158.00 159.00 160.00 161.00 162.00 163.00 164.00 165.00 166.00 167.00 168.00 169.00 170.00 171.00 172.00 173.00 174.00 175.00 176.00 177.00 178.00 179.00 180.00 181.00 182.00 183.00 184.00 185.00 186.00 187.00 188.00 189.00 190.00 191.00 192.00 193.00 194.00 195.00 196.00 197.00 198.00 199.00 200.00 201.00 202.00 203.00 204.00 205.00 206.00 207.00 208.00 209.00 210.00 211.00 212.00 213.00 214.00 215.00 216.00 217.00 218.00 219.00 220.00 221.00 222.00 223.00 224.00 225.00 226.00 227.00 228.00 229.00 230.00 231.00 232.00 233.00 234.00 235.00 236.00 237.00 238.00 239.00 240.00 241.00 242.00 243.00 244.00 245.00 246.00 247.00 248.00 249.00 250.00 251.00 252.00 253.00 254.00 255.00 

(Matriz B 1024 X 1024) até 256 elementos:
1.00 2.00 3.00 4.00 5.00 6.00 7.00 8.00 9.00 10.00 11.00 12.00 13.00 14.00 15.00 16.00 17.00 18.00 19.00 20.00 21.00 22.00 23.00 24.00 25.00 26.00 27.00 28.00 29.00 30.00 31.00 32.00 33.00 34.00 35.00 36.00 37.00 38.00 39.00 40.00 41.00 42.00 43.00 44.00 45.00 46.00 47.00 48.00 49.00 50.00 51.00 52.00 53.00 54.00 55.00 56.00 57.00 58.00 59.00 60.00 61.00 62.00 63.00 64.00 65.00 66.00 67.00 68.00 69.00 70.00 71.00 72.00 73.00 74.00 75.00 76.00 77.00 78.00 79.00 80.00 81.00 82.00 83.00 84.00 85.00 86.00 87.00 88.00 89.00 90.00 91.00 92.00 93.00 94.00 95.00 96.00 97.00 98.00 99.00 100.00 101.00 102.00 103.00 104.00 105.00 106.00 107.00 108.00 109.00 110.00 111.00 112.00 113.00 114.00 115.00 116.00 117.00 118.00 119.00 120.00 121.00 122.00 123.00 124.00 125.00 126.00 127.00 128.00 129.00 130.00 131.00 132.00 133.00 134.00 135.00 136.00 137.00 138.00 139.00 140.00 141.00 142.00 143.00 144.00 145.00 146.00 147.00 148.00 149.00 150.00 151.00 152.00 153.00 154.00 155.00 156.00 157.00 158.00 159.00 160.00 161.00 162.00 163.00 164.00 165.00 166.00 167.00 168.00 169.00 170.00 171.00 172.00 173.00 174.00 175.00 176.00 177.00 178.00 179.00 180.00 181.00 182.00 183.00 184.00 185.00 186.00 187.00 188.00 189.00 190.00 191.00 192.00 193.00 194.00 195.00 196.00 197.00 198.00 199.00 200.00 201.00 202.00 203.00 204.00 205.00 206.00 207.00 208.00 209.00 210.00 211.00 212.00 213.00 214.00 215.00 216.00 217.00 218.00 219.00 220.00 221.00 222.00 223.00 224.00 225.00 226.00 227.00 228.00 229.00 230.00 231.00 232.00 233.00 234.00 235.00 236.00 237.00 238.00 239.00 240.00 241.00 242.00 243.00 244.00 245.00 246.00 247.00 248.00 249.00 250.00 251.00 252.00 253.00 254.00 255.00 256.00 

Tempo da multiplicacao da matriz por escalar: 1.839 ms

Matriz A dps da multiplicacao escalar por 2.00:
( 1024 X 1024) até 256 elementos:
0.00 2.00 4.00 6.00 8.00 10.00 12.00 14.00 16.00 18.00 20.00 22.00 24.00 26.00 28.00 30.00 32.00 34.00 36.00 38.00 40.00 42.00 44.00 46.00 48.00 50.00 52.00 54.00 56.00 58.00 60.00 62.00 64.00 66.00 68.00 70.00 72.00 74.00 76.00 78.00 80.00 82.00 84.00 86.00 88.00 90.00 92.00 94.00 96.00 98.00 100.00 102.00 104.00 106.00 108.00 110.00 112.00 114.00 116.00 118.00 120.00 122.00 124.00 126.00 128.00 130.00 132.00 134.00 136.00 138.00 140.00 142.00 144.00 146.00 148.00 150.00 152.00 154.00 156.00 158.00 160.00 162.00 164.00 166.00 168.00 170.00 172.00 174.00 176.00 178.00 180.00 182.00 184.00 186.00 188.00 190.00 192.00 194.00 196.00 198.00 200.00 202.00 204.00 206.00 208.00 210.00 212.00 214.00 216.00 218.00 220.00 222.00 224.00 226.00 228.00 230.00 232.00 234.00 236.00 238.00 240.00 242.00 244.00 246.00 248.00 250.00 252.00 254.00 256.00 258.00 260.00 262.00 264.00 266.00 268.00 270.00 272.00 274.00 276.00 278.00 280.00 282.00 284.00 286.00 288.00 290.00 292.00 294.00 296.00 298.00 300.00 302.00 304.00 306.00 308.00 310.00 312.00 314.00 316.00 318.00 320.00 322.00 324.00 326.00 328.00 330.00 332.00 334.00 336.00 338.00 340.00 342.00 344.00 346.00 348.00 350.00 352.00 354.00 356.00 358.00 360.00 362.00 364.00 366.00 368.00 370.00 372.00 374.00 376.00 378.00 380.00 382.00 384.00 386.00 388.00 390.00 392.00 394.00 396.00 398.00 400.00 402.00 404.00 406.00 408.00 410.00 412.00 414.00 416.00 418.00 420.00 422.00 424.00 426.00 428.00 430.00 432.00 434.00 436.00 438.00 440.00 442.00 444.00 446.00 448.00 450.00 452.00 454.00 456.00 458.00 460.00 462.00 464.00 466.00 468.00 470.00 472.00 474.00 476.00 478.00 480.00 482.00 484.00 486.00 488.00 490.00 492.00 494.00 496.00 498.00 500.00 502.00 504.00 506.00 508.00 510.00 

Tempo da multiplicacao entre as matrizes A e B: 3986.614 ms

(Matriz C dps de multiplicar A e B 1024 X 1024) até 256 elementos:
731935277056.00 731935801344.00 731936325632.00 731936653312.00 731939078144.00 731940454400.00 731940978688.00 731942354944.00 731943600128.00 731945238528.00 731946352640.00 731947073536.00 731948908544.00 731949629440.00 731949826048.00 731950874624.00 731952513024.00 731954020352.00 731955331072.00 731956248576.00 731956903936.00 731957231616.00 731957886976.00 731958935552.00 731960049664.00 731961098240.00 731962408960.00 731963785216.00 731964899328.00 731965947904.00 731966996480.00 731968176128.00 731969486848.00 731970600960.00 731971452928.00 731972173824.00 731972763648.00 731973484544.00 731974270976.00 731975319552.00 731976433664.00 731977547776.00 731978661888.00 731979513856.00 731980890112.00 731982331904.00 731983708160.00 731985084416.00 731986460672.00 731987640320.00 731988754432.00 731989737472.00 731990851584.00 731991769088.00 731992555520.00 731993473024.00 731994259456.00 731995045888.00 731995963392.00 731996946432.00 731997929472.00 731998912512.00 731999961088.00 732001009664.00 732002189312.00 732003368960.00 732004483072.00 732005531648.00 732006580224.00 732007628800.00 732008546304.00 732009594880.00 732010577920.00 732011560960.00 732012609536.00 732013592576.00 732014641152.00 732015689728.00 732016738304.00 732017852416.00 732019097600.00 732020539392.00 732021784576.00 732022898688.00 732024012800.00 732025061376.00 732026044416.00 732027158528.00 732028141568.00 732029124608.00 732030042112.00 732030828544.00 732031680512.00 732032729088.00 732033646592.00 732034826240.00 732035743744.00 732037054464.00 732038103040.00 732039020544.00 732040069120.00 732041052160.00 732042100736.00 732043018240.00 732044132352.00 732045049856.00 732046032896.00 732046950400.00 732048064512.00 732049178624.00 732050161664.00 732051275776.00 732052520960.00 732053635072.00 732054945792.00 732056125440.00 732057501696.00 732058615808.00 732059795456.00 732060844032.00 732061827072.00 732062744576.00 732063662080.00 732064579584.00 732065497088.00 732066349056.00 732067201024.00 732068118528.00 732069298176.00 732070412288.00 732071460864.00 732072378368.00 732073492480.00 732074475520.00 732075524096.00 732076572672.00 732077621248.00 732078669824.00 732079783936.00 732080766976.00 732081946624.00 732082995200.00 732083978240.00 732085092352.00 732086075392.00 732087320576.00 732088303616.00 732089352192.00 732090400768.00 732091580416.00 732092694528.00 732093808640.00 732095184896.00 732096167936.00 732097216512.00 732098199552.00 732099182592.00 732100165632.00 732101083136.00 732102000640.00 732103114752.00 732104163328.00 732105146368.00 732106063872.00 732107046912.00 732108161024.00 732109078528.00 732110061568.00 732111044608.00 732112093184.00 732113076224.00 732114190336.00 732115304448.00 732116353024.00 732117467136.00 732118646784.00 732119564288.00 732120809472.00 732121858048.00 732122775552.00 732124020736.00 732125003776.00 732125986816.00 732127297536.00 732128411648.00 732129394688.00 732130705408.00 732131950592.00 732132737024.00 732133851136.00 732134703104.00 732135686144.00 732136734720.00 732137652224.00 732138700800.00 732139814912.00 732140666880.00 732141649920.00 732142698496.00 732143681536.00 732144730112.00 732145713152.00 732146696192.00 732147744768.00 732148793344.00 732149907456.00 732150956032.00 732152070144.00 732153184256.00 732154363904.00 732155478016.00 732156526592.00 732157575168.00 732158623744.00 732159541248.00 732160524288.00 732161703936.00 732162752512.00 732163866624.00 732164915200.00 732166094848.00 732167143424.00 732168126464.00 732169240576.00 732170420224.00 732171468800.00 732172320768.00 732173369344.00 732174483456.00 732175532032.00 732176384000.00 732177432576.00 732178350080.00 732179267584.00 732180185088.00 732181299200.00 732182282240.00 732183330816.00 732184248320.00 732185493504.00 732186607616.00 732187787264.00 732188835840.00 732190015488.00 732190998528.00 732191981568.00 732193161216.00 732194275328.00 732195192832.00 732196372480.00 732197355520.00 732198469632.00 732199452672.00 732200501248.00 732201549824.00 732202401792.00 

Tempo total do programa: 4008.715 ms



-------- SAIDA MARIA LAURA - PROCESSADOR 11th Gen Intel(R) Core(TM) i7-1165G7 --------

*****Com matriz 2048x2048:

gcc -o matrix_lib_test matrix_lib_test.c matrix_lib.c timer.c
./matrix_lib_test 2.0 2048 2048 2048 2048 matrizA.dat matrizB.dat result1.dat result2.dat

(Matriz C inicializada (zerada) 2048 X 2048) até 256 elementos:
0.00 0.00 0.00 0.00 0.00 0.00 0.00 0.00 0.00 0.00 0.00 0.00 0.00 0.00 0.00 0.00 0.00 0.00 0.00 0.00 0.00 0.00 0.00 0.00 0.00 0.00 0.00 0.00 0.00 0.00 0.00 0.00 0.00 0.00 0.00 0.00 0.00 0.00 0.00 0.00 0.00 0.00 0.00 0.00 0.00 0.00 0.00 0.00 0.00 0.00 0.00 0.00 0.00 0.00 0.00 0.00 0.00 0.00 0.00 0.00 0.00 0.00 0.00 0.00 0.00 0.00 0.00 0.00 0.00 0.00 0.00 0.00 0.00 0.00 0.00 0.00 0.00 0.00 0.00 0.00 0.00 0.00 0.00 0.00 0.00 0.00 0.00 0.00 0.00 0.00 0.00 0.00 0.00 0.00 0.00 0.00 0.00 0.00 0.00 0.00 0.00 0.00 0.00 0.00 0.00 0.00 0.00 0.00 0.00 0.00 0.00 0.00 0.00 0.00 0.00 0.00 0.00 0.00 0.00 0.00 0.00 0.00 0.00 0.00 0.00 0.00 0.00 0.00 0.00 0.00 0.00 0.00 0.00 0.00 0.00 0.00 0.00 0.00 0.00 0.00 0.00 0.00 0.00 0.00 0.00 0.00 0.00 0.00 0.00 0.00 0.00 0.00 0.00 0.00 0.00 0.00 0.00 0.00 0.00 0.00 0.00 0.00 0.00 0.00 0.00 0.00 0.00 0.00 0.00 0.00 0.00 0.00 0.00 0.00 0.00 0.00 0.00 0.00 0.00 0.00 0.00 0.00 0.00 0.00 0.00 0.00 0.00 0.00 0.00 0.00 0.00 0.00 0.00 0.00 0.00 0.00 0.00 0.00 0.00 0.00 0.00 0.00 0.00 0.00 0.00 0.00 0.00 0.00 0.00 0.00 0.00 0.00 0.00 0.00 0.00 0.00 0.00 0.00 0.00 0.00 0.00 0.00 0.00 0.00 0.00 0.00 0.00 0.00 0.00 0.00 0.00 0.00 0.00 0.00 0.00 0.00 0.00 0.00 0.00 0.00 0.00 0.00 0.00 0.00 0.00 0.00 0.00 0.00 0.00 0.00 0.00 0.00 0.00 0.00 0.00 0.00

(Matriz A 2048 X 2048) até 256 elementos:
0.00 1.00 2.00 3.00 4.00 5.00 6.00 7.00 8.00 9.00 10.00 11.00 12.00 13.00 14.00 15.00 16.00 17.00 18.00 19.00 20.00 21.00 22.00 23.00 24.00 25.00 26.00 27.00 28.00 29.00 30.00 31.00 32.00 33.00 34.00 35.00 36.00 37.00 38.00 39.00 40.00 41.00 42.00 43.00 44.00 45.00 46.00 47.00 48.00 49.00 50.00 51.00 52.00 53.00 54.00 55.00 56.00 57.00 58.00 59.00 60.00 61.00 62.00 63.00 64.00 65.00 66.00 67.00 68.00 69.00 70.00 71.00 72.00 73.00 74.00 75.00 76.00 77.00 78.00 79.00 80.00 81.00 82.00 83.00 84.00 85.00 86.00 87.00 88.00 89.00 90.00 91.00 92.00 93.00 94.00 95.00 96.00 97.00 98.00 99.00 100.00 101.00 102.00 103.00 104.00 105.00 106.00 107.00 108.00 109.00 110.00 111.00 112.00 113.00 114.00 115.00 116.00 117.00 118.00 119.00 120.00 121.00 122.00 123.00 124.00 125.00 126.00 127.00 128.00 129.00 130.00 131.00 132.00 133.00 134.00 135.00 136.00 137.00 138.00 139.00 140.00 141.00 142.00 143.00 144.00 145.00 146.00 147.00 148.00 149.00 150.00 151.00 152.00 153.00 154.00 155.00 156.00 157.00 158.00 159.00 160.00 161.00 162.00 163.00 164.00 165.00 166.00 167.00 168.00 169.00 170.00 171.00 172.00 173.00 174.00 175.00 176.00 177.00 178.00 179.00 180.00 181.00 182.00 183.00 184.00 185.00 186.00 187.00 188.00 189.00 190.00 191.00 192.00 193.00 194.00 195.00 196.00 197.00 198.00 199.00 200.00 201.00 202.00 203.00 204.00 205.00 206.00 207.00 208.00 209.00 210.00 211.00 212.00 213.00 214.00 215.00 216.00 217.00 218.00 219.00 220.00 221.00 222.00 223.00 224.00 225.00 226.00 227.00 228.00 229.00 230.00 231.00 232.00 233.00 234.00 235.00 236.00 237.00 238.00 239.00 240.00 241.00 242.00 243.00 244.00 245.00 246.00 247.00 248.00 249.00 250.00 251.00 252.00 253.00 254.00 255.00

(Matriz B 2048 X 2048) até 256 elementos:
1.00 2.00 3.00 4.00 5.00 6.00 7.00 8.00 9.00 10.00 11.00 12.00 13.00 14.00 15.00 16.00 17.00 18.00 19.00 20.00 21.00 22.00 23.00 24.00 25.00 26.00 27.00 28.00 29.00 30.00 31.00 32.00 33.00 34.00 35.00 36.00 37.00 38.00 39.00 40.00 41.00 42.00 43.00 44.00 45.00 46.00 47.00 48.00 49.00 50.00 51.00 52.00 53.00 54.00 55.00 56.00 57.00 58.00 59.00 60.00 61.00 62.00 63.00 64.00 65.00 66.00 67.00 68.00 69.00 70.00 71.00 72.00 73.00 74.00 75.00 76.00 77.00 78.00 79.00 80.00 81.00 82.00 83.00 84.00 85.00 86.00 87.00 88.00 89.00 90.00 91.00 92.00 93.00 94.00 95.00 96.00 97.00 98.00 99.00 100.00 101.00 102.00 103.00 104.00 105.00 106.00 107.00 108.00 109.00 110.00 111.00 112.00 113.00 114.00 115.00 116.00 117.00 118.00 119.00 120.00 121.00 122.00 123.00 124.00 125.00 126.00 127.00 128.00 129.00 130.00 131.00 132.00 133.00 134.00 135.00 136.00 137.00 138.00 139.00 140.00 141.00 142.00 143.00 144.00 145.00 146.00 147.00 148.00 149.00 150.00 151.00 152.00 153.00 154.00 155.00 156.00 157.00 158.00 159.00 160.00 161.00 162.00 163.00 164.00 165.00 166.00 167.00 168.00 169.00 170.00 171.00 172.00 173.00 174.00 175.00 176.00 177.00 178.00 179.00 180.00 181.00 182.00 183.00 184.00 185.00 186.00 187.00 188.00 189.00 190.00 191.00 192.00 193.00 194.00 195.00 196.00 197.00 198.00 199.00 200.00 201.00 202.00 203.00 204.00 205.00 206.00 207.00 208.00 209.00 210.00 211.00 212.00 213.00 214.00 215.00 216.00 217.00 218.00 219.00 220.00 221.00 222.00 223.00 224.00 225.00 226.00 227.00 228.00 229.00 230.00 231.00 232.00 233.00 234.00 235.00 236.00 237.00 238.00 239.00 240.00 241.00 242.00 243.00 244.00 245.00 246.00 247.00 248.00 249.00 250.00 251.00 252.00 253.00 254.00 255.00 256.00

Tempo da multiplicacao da matriz por escalar: 28.240 ms

Matriz A dps da multiplicacao escalar por 2.00:
( 2048 X 2048) até 256 elementos:
0.00 2.00 4.00 6.00 8.00 10.00 12.00 14.00 16.00 18.00 20.00 22.00 24.00 26.00 28.00 30.00 32.00 34.00 36.00 38.00 40.00 42.00 44.00 46.00 48.00 50.00 52.00 54.00 56.00 58.00 60.00 62.00 64.00 66.00 68.00 70.00 72.00 74.00 76.00 78.00 80.00 82.00 84.00 86.00 88.00 90.00 92.00 94.00 96.00 98.00 100.00 102.00 104.00 106.00 108.00 110.00 112.00 114.00 116.00 118.00 120.00 122.00 124.00 126.00 128.00 130.00 132.00 134.00 136.00 138.00 140.00 142.00 144.00 146.00 148.00 150.00 152.00 154.00 156.00 158.00 160.00 162.00 164.00 166.00 168.00 170.00 172.00 174.00 176.00 178.00 180.00 182.00 184.00 186.00 188.00 190.00 192.00 194.00 196.00 198.00 200.00 202.00 204.00 206.00 208.00 210.00 212.00 214.00 216.00 218.00 220.00 222.00 224.00 226.00 228.00 230.00 232.00 234.00 236.00 238.00 240.00 242.00 244.00 246.00 248.00 250.00 252.00 254.00 256.00 258.00 260.00 262.00 264.00 266.00 268.00 270.00 272.00 274.00 276.00 278.00 280.00 282.00 284.00 286.00 288.00 290.00 292.00 294.00 296.00 298.00 300.00 302.00 304.00 306.00 308.00 310.00 312.00 314.00 316.00 318.00 320.00 322.00 324.00 326.00 328.00 330.00 332.00 334.00 336.00 338.00 340.00 342.00 344.00 346.00 348.00 350.00 352.00 354.00 356.00 358.00 360.00 362.00 364.00 366.00 368.00 370.00 372.00 374.00 376.00 378.00 380.00 382.00 384.00 386.00 388.00 390.00 392.00 394.00 396.00 398.00 400.00 402.00 404.00 406.00 408.00 410.00 412.00 414.00 416.00 418.00 420.00 422.00 424.00 426.00 428.00 430.00 432.00 434.00 436.00 438.00 440.00 442.00 444.00 446.00 448.00 450.00 452.00 454.00 456.00 458.00 460.00 462.00 464.00 466.00 468.00 470.00 472.00 474.00 476.00 478.00 480.00 482.00 484.00 486.00 488.00 490.00 492.00 494.00 496.00 498.00 500.00 502.00 504.00 506.00 508.00 510.00

Tempo da multiplicacao entre as matrizes A e B: 50159.855 ms

(Matriz C dps de multiplicar A e B 2048 X 2048) até 256 elementos:
11719555416064.00 11719555416064.00 11719556464640.00 11719556464640.00 11719557513216.00 11719557513216.00 11719558561792.00 11719562756096.00 11719567998976.00 11719573241856.00 11719577436160.00 11719580581888.00 11719582679040.00 11719583727616.00 11719585824768.00 11719588970496.00 11719592116224.00 11719595261952.00 11719598407680.00 11719600504832.00 11719603650560.00 11719606796288.00 11719612039168.00 11719618330624.00 11719625670656.00 11719630913536.00 11719635107840.00 11719638253568.00 11719643496448.00 11719647690752.00 11719651885056.00 11719657127936.00 11719663419392.00 11719666565120.00 11719672856576.00 11719677050880.00 11719680196608.00 11719685439488.00 11719688585216.00 11719692779520.00 11719696973824.00 11719699070976.00 11719703265280.00 11719705362432.00 11719709556736.00 11719713751040.00 11719717945344.00 11719722139648.00 11719726333952.00 11719730528256.00 11719734722560.00 11719736819712.00 11719741014016.00 11719747305472.00 11719752548352.00 11719758839808.00 11719763034112.00 11719769325568.00 11719773519872.00 11719778762752.00 11719785054208.00 11719790297088.00 11719795539968.00 11719800782848.00 11719809171456.00 11719817560064.00 11719822802944.00 11719828045824.00 11719833288704.00 11719839580160.00 11719843774464.00 11719845871616.00 11719852163072.00 11719856357376.00 11719859503104.00 11719862648832.00 11719865794560.00 11719871037440.00 11719875231744.00 11719878377472.00 11719884668928.00 11719888863232.00 11719892008960.00 11719897251840.00 11719902494720.00 11719904591872.00 11719908786176.00 11719911931904.00 11719917174784.00 11719920320512.00 11719924514816.00 11719928709120.00 11719932903424.00 11719936049152.00 11719939194880.00 11719946534912.00 11719948632064.00 11719952826368.00 11719957020672.00 11719960166400.00 11719963312128.00 11719967506432.00 11719972749312.00 11719975895040.00 11719979040768.00 11719982186496.00 11719985332224.00 11719988477952.00 11719990575104.00 11719993720832.00 11719997915136.00 11720001060864.00 11720005255168.00 11720010498048.00 11720014692352.00 11720018886656.00 11720022032384.00 11720028323840.00 11720031469568.00 11720038809600.00 11720043003904.00 11720047198208.00 11720051392512.00 11720055586816.00 11720058732544.00 11720061878272.00 11720066072576.00 11720071315456.00 11720075509760.00 11720080752640.00 11720085995520.00 11720089141248.00 11720094384128.00 11720099627008.00 11720103821312.00 11720110112768.00 11720114307072.00 11720118501376.00 11720126889984.00 11720131084288.00 11720135278592.00 11720139472896.00 11720144715776.00 11720148910080.00 11720152055808.00 11720157298688.00 11720160444416.00 11720164638720.00 11720170930176.00 11720175124480.00 11720178270208.00 11720182464512.00 11720185610240.00 11720189804544.00 11720193998848.00 11720199241728.00 11720202387456.00 11720208678912.00 11720211824640.00 11720217067520.00 11720221261824.00 11720224407552.00 11720228601856.00 11720232796160.00 11720236990464.00 11720241184768.00 11720243281920.00 11720247476224.00 11720252719104.00 11720256913408.00 11720261107712.00 11720264253440.00 11720268447744.00 11720270544896.00 11720273690624.00 11720278933504.00 11720281030656.00 11720285224960.00 11720288370688.00 11720291516416.00 11720294662144.00 11720297807872.00 11720300953600.00 11720305147904.00 11720307245056.00 11720310390784.00 11720313536512.00 11720316682240.00 11720319827968.00 11720322973696.00 11720326119424.00 11720331362304.00 11720336605184.00 11720340799488.00 11720343945216.00 11720348139520.00 11720351285248.00 11720356528128.00 11720359673856.00 11720364916736.00 11720371208192.00 11720375402496.00 11720380645376.00 11720383791104.00 11720389033984.00 11720392179712.00 11720397422592.00 11720401616896.00 11720404762624.00 11720410005504.00 11720416296960.00 11720419442688.00 11720424685568.00 11720427831296.00 11720435171328.00 11720438317056.00 11720444608512.00 11720446705664.00 11720451948544.00 11720456142848.00 11720460337152.00 11720463482880.00 11720468725760.00 11720471871488.00 11720477114368.00 11720481308672.00 11720485502976.00 11720492843008.00 11720495988736.00 11720501231616.00 11720504377344.00 11720511717376.00 11720515911680.00 11720520105984.00 11720524300288.00 11720528494592.00 11720533737472.00 11720538980352.00 11720542126080.00 11720547368960.00 11720551563264.00 11720555757568.00 11720559951872.00 11720567291904.00 11720570437632.00 11720574631936.00 11720579874816.00 11720581971968.00 11720587214848.00 11720591409152.00 11720596652032.00 11720599797760.00 11720602943488.00 11720606089216.00 11720613429248.00 11720618672128.00

Tempo total do programa: 50908.426 ms



*****Com matriz 1024x1024:

gcc -o matrix_lib_test matrix_lib_test.c matrix_lib.c timer.c
./matrix_lib_test 2.0 1024 1024 1024 1024 matrizA.dat matrizB.dat result1.dat result2.dat

(Matriz C inicializada (zerada) 1024 X 1024) até 256 elementos:
0.00 0.00 0.00 0.00 0.00 0.00 0.00 0.00 0.00 0.00 0.00 0.00 0.00 0.00 0.00 0.00 0.00 0.00 0.00 0.00 0.00 0.00 0.00 0.00 0.00 0.00 0.00 0.00 0.00 0.00 0.00 0.00 0.00 0.00 0.00 0.00 0.00 0.00 0.00 0.00 0.00 0.00 0.00 0.00 0.00 0.00 0.00 0.00 0.00 0.00 0.00 0.00 0.00 0.00 0.00 0.00 0.00 0.00 0.00 0.00 0.00 0.00 0.00 0.00 0.00 0.00 0.00 0.00 0.00 0.00 0.00 0.00 0.00 0.00 0.00 0.00 0.00 0.00 0.00 0.00 0.00 0.00 0.00 0.00 0.00 0.00 0.00 0.00 0.00 0.00 0.00 0.00 0.00 0.00 0.00 0.00 0.00 0.00 0.00 0.00 0.00 0.00 0.00 0.00 0.00 0.00 0.00 0.00 0.00 0.00 0.00 0.00 0.00 0.00 0.00 0.00 0.00 0.00 0.00 0.00 0.00 0.00 0.00 0.00 0.00 0.00 0.00 0.00 0.00 0.00 0.00 0.00 0.00 0.00 0.00 0.00 0.00 0.00 0.00 0.00 0.00 0.00 0.00 0.00 0.00 0.00 0.00 0.00 0.00 0.00 0.00 0.00 0.00 0.00 0.00 0.00 0.00 0.00 0.00 0.00 0.00 0.00 0.00 0.00 0.00 0.00 0.00 0.00 0.00 0.00 0.00 0.00 0.00 0.00 0.00 0.00 0.00 0.00 0.00 0.00 0.00 0.00 0.00 0.00 0.00 0.00 0.00 0.00 0.00 0.00 0.00 0.00 0.00 0.00 0.00 0.00 0.00 0.00 0.00 0.00 0.00 0.00 0.00 0.00 0.00 0.00 0.00 0.00 0.00 0.00 0.00 0.00 0.00 0.00 0.00 0.00 0.00 0.00 0.00 0.00 0.00 0.00 0.00 0.00 0.00 0.00 0.00 0.00 0.00 0.00 0.00 0.00 0.00 0.00 0.00 0.00 0.00 0.00 0.00 0.00 0.00 0.00 0.00 0.00 0.00 0.00 0.00 0.00 0.00 0.00 0.00 0.00 0.00 0.00 0.00 0.00

(Matriz A 1024 X 1024) até 256 elementos:
0.00 1.00 2.00 3.00 4.00 5.00 6.00 7.00 8.00 9.00 10.00 11.00 12.00 13.00 14.00 15.00 16.00 17.00 18.00 19.00 20.00 21.00 22.00 23.00 24.00 25.00 26.00 27.00 28.00 29.00 30.00 31.00 32.00 33.00 34.00 35.00 36.00 37.00 38.00 39.00 40.00 41.00 42.00 43.00 44.00 45.00 46.00 47.00 48.00 49.00 50.00 51.00 52.00 53.00 54.00 55.00 56.00 57.00 58.00 59.00 60.00 61.00 62.00 63.00 64.00 65.00 66.00 67.00 68.00 69.00 70.00 71.00 72.00 73.00 74.00 75.00 76.00 77.00 78.00 79.00 80.00 81.00 82.00 83.00 84.00 85.00 86.00 87.00 88.00 89.00 90.00 91.00 92.00 93.00 94.00 95.00 96.00 97.00 98.00 99.00 100.00 101.00 102.00 103.00 104.00 105.00 106.00 107.00 108.00 109.00 110.00 111.00 112.00 113.00 114.00 115.00 116.00 117.00 118.00 119.00 120.00 121.00 122.00 123.00 124.00 125.00 126.00 127.00 128.00 129.00 130.00 131.00 132.00 133.00 134.00 135.00 136.00 137.00 138.00 139.00 140.00 141.00 142.00 143.00 144.00 145.00 146.00 147.00 148.00 149.00 150.00 151.00 152.00 153.00 154.00 155.00 156.00 157.00 158.00 159.00 160.00 161.00 162.00 163.00 164.00 165.00 166.00 167.00 168.00 169.00 170.00 171.00 172.00 173.00 174.00 175.00 176.00 177.00 178.00 179.00 180.00 181.00 182.00 183.00 184.00 185.00 186.00 187.00 188.00 189.00 190.00 191.00 192.00 193.00 194.00 195.00 196.00 197.00 198.00 199.00 200.00 201.00 202.00 203.00 204.00 205.00 206.00 207.00 208.00 209.00 210.00 211.00 212.00 213.00 214.00 215.00 216.00 217.00 218.00 219.00 220.00 221.00 222.00 223.00 224.00 225.00 226.00 227.00 228.00 229.00 230.00 231.00 232.00 233.00 234.00 235.00 236.00 237.00 238.00 239.00 240.00 241.00 242.00 243.00 244.00 245.00 246.00 247.00 248.00 249.00 250.00 251.00 252.00 253.00 254.00 255.00

(Matriz B 1024 X 1024) até 256 elementos:
1.00 2.00 3.00 4.00 5.00 6.00 7.00 8.00 9.00 10.00 11.00 12.00 13.00 14.00 15.00 16.00 17.00 18.00 19.00 20.00 21.00 22.00 23.00 24.00 25.00 26.00 27.00 28.00 29.00 30.00 31.00 32.00 33.00 34.00 35.00 36.00 37.00 38.00 39.00 40.00 41.00 42.00 43.00 44.00 45.00 46.00 47.00 48.00 49.00 50.00 51.00 52.00 53.00 54.00 55.00 56.00 57.00 58.00 59.00 60.00 61.00 62.00 63.00 64.00 65.00 66.00 67.00 68.00 69.00 70.00 71.00 72.00 73.00 74.00 75.00 76.00 77.00 78.00 79.00 80.00 81.00 82.00 83.00 84.00 85.00 86.00 87.00 88.00 89.00 90.00 91.00 92.00 93.00 94.00 95.00 96.00 97.00 98.00 99.00 100.00 101.00 102.00 103.00 104.00 105.00 106.00 107.00 108.00 109.00 110.00 111.00 112.00 113.00 114.00 115.00 116.00 117.00 118.00 119.00 120.00 121.00 122.00 123.00 124.00 125.00 126.00 127.00 128.00 129.00 130.00 131.00 132.00 133.00 134.00 135.00 136.00 137.00 138.00 139.00 140.00 141.00 142.00 143.00 144.00 145.00 146.00 147.00 148.00 149.00 150.00 151.00 152.00 153.00 154.00 155.00 156.00 157.00 158.00 159.00 160.00 161.00 162.00 163.00 164.00 165.00 166.00 167.00 168.00 169.00 170.00 171.00 172.00 173.00 174.00 175.00 176.00 177.00 178.00 179.00 180.00 181.00 182.00 183.00 184.00 185.00 186.00 187.00 188.00 189.00 190.00 191.00 192.00 193.00 194.00 195.00 196.00 197.00 198.00 199.00 200.00 201.00 202.00 203.00 204.00 205.00 206.00 207.00 208.00 209.00 210.00 211.00 212.00 213.00 214.00 215.00 216.00 217.00 218.00 219.00 220.00 221.00 222.00 223.00 224.00 225.00 226.00 227.00 228.00 229.00 230.00 231.00 232.00 233.00 234.00 235.00 236.00 237.00 238.00 239.00 240.00 241.00 242.00 243.00 244.00 245.00 246.00 247.00 248.00 249.00 250.00 251.00 252.00 253.00 254.00 255.00 256.00

Tempo da multiplicacao da matriz por escalar: 5.509 ms

Matriz A dps da multiplicacao escalar por 2.00:
( 1024 X 1024) até 256 elementos:
0.00 2.00 4.00 6.00 8.00 10.00 12.00 14.00 16.00 18.00 20.00 22.00 24.00 26.00 28.00 30.00 32.00 34.00 36.00 38.00 40.00 42.00 44.00 46.00 48.00 50.00 52.00 54.00 56.00 58.00 60.00 62.00 64.00 66.00 68.00 70.00 72.00 74.00 76.00 78.00 80.00 82.00 84.00 86.00 88.00 90.00 92.00 94.00 96.00 98.00 100.00 102.00 104.00 106.00 108.00 110.00 112.00 114.00 116.00 118.00 120.00 122.00 124.00 126.00 128.00 130.00 132.00 134.00 136.00 138.00 140.00 142.00 144.00 146.00 148.00 150.00 152.00 154.00 156.00 158.00 160.00 162.00 164.00 166.00 168.00 170.00 172.00 174.00 176.00 178.00 180.00 182.00 184.00 186.00 188.00 190.00 192.00 194.00 196.00 198.00 200.00 202.00 204.00 206.00 208.00 210.00 212.00 214.00 216.00 218.00 220.00 222.00 224.00 226.00 228.00 230.00 232.00 234.00 236.00 238.00 240.00 242.00 244.00 246.00 248.00 250.00 252.00 254.00 256.00 258.00 260.00 262.00 264.00 266.00 268.00 270.00 272.00 274.00 276.00 278.00 280.00 282.00 284.00 286.00 288.00 290.00 292.00 294.00 296.00 298.00 300.00 302.00 304.00 306.00 308.00 310.00 312.00 314.00 316.00 318.00 320.00 322.00 324.00 326.00 328.00 330.00 332.00 334.00 336.00 338.00 340.00 342.00 344.00 346.00 348.00 350.00 352.00 354.00 356.00 358.00 360.00 362.00 364.00 366.00 368.00 370.00 372.00 374.00 376.00 378.00 380.00 382.00 384.00 386.00 388.00 390.00 392.00 394.00 396.00 398.00 400.00 402.00 404.00 406.00 408.00 410.00 412.00 414.00 416.00 418.00 420.00 422.00 424.00 426.00 428.00 430.00 432.00 434.00 436.00 438.00 440.00 442.00 444.00 446.00 448.00 450.00 452.00 454.00 456.00 458.00 460.00 462.00 464.00 466.00 468.00 470.00 472.00 474.00 476.00 478.00 480.00 482.00 484.00 486.00 488.00 490.00 492.00 494.00 496.00 498.00 500.00 502.00 504.00 506.00 508.00 510.00

Tempo da multiplicacao entre as matrizes A e B: 3932.903 ms

(Matriz C dps de multiplicar A e B 1024 X 1024) até 256 elementos:
731935277056.00 731935801344.00 731936325632.00 731936718848.00 731939078144.00 731940454400.00 731941044224.00 731942354944.00 731943665664.00 731945238528.00 731946352640.00 731947073536.00 731948908544.00 731949629440.00 731949826048.00 731950809088.00 731952513024.00 731954085888.00 731955331072.00 731956248576.00 731956903936.00 731957231616.00 731957952512.00 731959001088.00 731960049664.00 731961163776.00 731962408960.00 731963785216.00 731964899328.00 731965947904.00 731967062016.00 731968176128.00 731969552384.00 731970535424.00 731971452928.00 731972173824.00 731972829184.00 731973484544.00 731974205440.00 731975319552.00 731976433664.00 731977547776.00 731978596352.00 731979448320.00 731980890112.00 731982331904.00 731983708160.00 731985149952.00 731986460672.00 731987574784.00 731988754432.00 731989737472.00 731990851584.00 731991834624.00 731992621056.00 731993538560.00 731994259456.00 731995045888.00 731995963392.00 731996880896.00 731997929472.00 731998912512.00 731999961088.00 732001009664.00 732002189312.00 732003368960.00 732004417536.00 732005466112.00 732006514688.00 732007628800.00 732008546304.00 732009594880.00 732010577920.00 732011626496.00 732012609536.00 732013527040.00 732014641152.00 732015755264.00 732016738304.00 732017852416.00 732019097600.00 732020473856.00 732021784576.00 732022898688.00 732024012800.00 732025061376.00 732026044416.00 732027158528.00 732028141568.00 732029059072.00 732029976576.00 732030828544.00 732031680512.00 732032729088.00 732033646592.00 732034760704.00 732035809280.00 732037054464.00 732038103040.00 732039020544.00 732040069120.00 732041052160.00 732042035200.00 732043018240.00 732044132352.00 732045049856.00 732046032896.00 732046950400.00 732048064512.00 732049178624.00 732050161664.00 732051275776.00 732052520960.00 732053700608.00 732054945792.00 732056125440.00 732057501696.00 732058615808.00 732059795456.00 732060844032.00 732061827072.00 732062744576.00 732063662080.00 732064579584.00 732065497088.00 732066349056.00 732067201024.00 732068118528.00 732069232640.00 732070412288.00 732071460864.00 732072378368.00 732073558016.00 732074475520.00 732075524096.00 732076441600.00 732077555712.00 732078735360.00 732079783936.00 732080832512.00 732081946624.00 732082995200.00 732083912704.00 732085092352.00 732086075392.00 732087255040.00 732088238080.00 732089352192.00 732090466304.00 732091514880.00 732092628992.00 732093808640.00 732095184896.00 732096167936.00 732097216512.00 732098199552.00 732099182592.00 732100100096.00 732101083136.00 732102000640.00 732103180288.00 732104228864.00 732105146368.00 732106063872.00 732107046912.00 732108161024.00 732109078528.00 732109996032.00 732111110144.00 732112093184.00 732113076224.00 732114124800.00 732115435520.00 732116353024.00 732117467136.00 732118646784.00 732119564288.00 732120809472.00 732121858048.00 732122710016.00 732124020736.00 732125003776.00 732126052352.00 732127297536.00 732128346112.00 732129394688.00 732130639872.00 732131950592.00 732132737024.00 732133851136.00 732134768640.00 732135686144.00 732136800256.00 732137652224.00 732138700800.00 732139814912.00 732140666880.00 732141649920.00 732142632960.00 732143681536.00 732144664576.00 732145713152.00 732146761728.00 732147744768.00 732148793344.00 732149907456.00 732150956032.00 732152070144.00 732153184256.00 732154363904.00 732155478016.00 732156526592.00 732157509632.00 732158558208.00 732159541248.00 732160524288.00 732161703936.00 732162752512.00 732163932160.00 732164915200.00 732166029312.00 732167143424.00 732168126464.00 732169240576.00 732170354688.00 732171468800.00 732172320768.00 732173369344.00 732174417920.00 732175532032.00 732176384000.00 732177498112.00 732178350080.00 732179267584.00 732180250624.00 732181299200.00 732182282240.00 732183330816.00 732184248320.00 732185559040.00 732186607616.00 732187787264.00 732188835840.00 732190015488.00 732190998528.00 732192047104.00 732193226752.00 732194209792.00 732195127296.00 732196372480.00 732197355520.00 732198469632.00 732199518208.00 732200501248.00 732201615360.00 732202401792.00

Tempo total do programa: 4249.812 ms